fecha	hora	mi variable 1	mi variable 2	variable constante 1	variable aleatoria 1	mi variable sinusoidal 1
16-07-2018	11:02:09	1.000000	2.000000	1.000000	9.480049	8.282650
16-07-2018	11:03:09	1.000000	2.000000	1.000000	4.398602	4.776617
16-07-2018	11:04:09	1.000000	2.000000	1.000000	1.961218	2.004200
16-07-2018	11:05:09	1.000000	2.000000	1.000000	2.569773	0.354855
16-07-2018	11:06:09	1.000000	2.000000	1.000000	7.735805	0.060228
16-07-2018	11:07:09	1.000000	2.000000	1.000000	-5.632993	1.161709
16-07-2018	11:08:09	1.000000	2.000000	1.000000	-7.643743	3.504598
16-07-2018	11:09:09	1.000000	2.000000	1.000000	6.449487	6.759832
16-07-2018	11:10:09	1.000000	2.000000	1.000000	-9.992966	10.470126
16-07-2018	11:11:09	1.000000	2.000000	1.000000	-4.087713	14.114407
16-07-2018	11:12:09	1.000000	2.000000	1.000000	4.840921	17.180790
16-07-2018	11:13:09	1.000000	2.000000	1.000000	-2.612368	19.238593
16-07-2018	11:14:09	1.000000	2.000000	1.000000	5.536035	19.998760
16-07-2018	11:15:09	1.000000	2.000000	1.000000	1.500909	19.354538
16-07-2018	11:16:09	1.000000	2.000000	1.000000	0.854228	17.396405
16-07-2018	11:17:09	1.000000	2.000000	1.000000	-8.489467	14.399382
16-07-2018	11:18:09	1.000000	2.000000	1.000000	5.369198	10.784445
16-07-2018	11:19:09	1.000000	2.000000	1.000000	0.319292	7.059326
16-07-2018	11:20:09	1.000000	2.000000	1.000000	4.959905	3.747274
16-07-2018	11:21:09	1.000000	2.000000	1.000000	-9.536180	1.313433
16-07-2018	11:22:09	1.000000	2.000000	1.000000	-7.742077	0.099672
16-07-2018	11:23:09	1.000000	2.000000	1.000000	-0.329710	0.276485
16-07-2018	11:24:09	1.000000	2.000000	1.000000	-2.329125	1.819047
16-07-2018	11:25:09	1.000000	2.000000	1.000000	8.399345	4.510671
16-07-2018	11:26:09	1.000000	2.000000	1.000000	2.115619	7.973333
16-07-2018	11:27:09	1.000000	2.000000	1.000000	7.297218	11.720634
16-07-2018	11:28:09	1.000000	2.000000	1.000000	-9.624904	15.226283
16-07-2018	11:29:09	1.000000	2.000000	1.000000	8.476143	17.997827
16-07-2018	11:30:09	1.000000	2.000000	1.000000	3.419296	19.646038
16-07-2018	11:31:09	1.000000	2.000000	1.000000	7.896564	19.939400
16-07-2018	11:32:09	1.000000	2.000000	1.000000	0.780050	18.836694
16-07-2018	11:33:09	1.000000	2.000000	1.000000	8.302742	16.492818
16-07-2018	11:34:09	1.000000	2.000000	1.000000	-8.685977	13.236979
16-07-2018	11:35:09	1.000000	2.000000	1.000000	3.909849	9.526474
16-07-2018	11:36:09	1.000000	2.000000	1.000000	-3.062528	5.882499
16-07-2018	11:37:09	1.000000	2.000000	1.000000	-8.443233	2.816838
16-07-2018	11:38:09	1.000000	2.000000	1.000000	-8.482177	0.760097
16-07-2018	11:39:09	1.000000	2.000000	1.000000	-6.034461	0.001186
16-07-2018	11:40:09	1.000000	2.000000	1.000000	-1.354126	0.646677
16-07-2018	11:41:09	1.000000	2.000000	1.000000	6.243480	2.605923
16-07-2018	11:42:09	1.000000	2.000000	1.000000	-5.705490	5.603687
16-07-2018	11:43:09	1.000000	2.000000	1.000000	9.238330	9.218975
16-07-2018	11:44:09	1.000000	2.000000	1.000000	9.570751	12.943929
16-07-2018	11:45:09	1.000000	2.000000	1.000000	2.099745	16.255411
16-07-2018	11:46:09	1.000000	2.000000	1.000000	2.049298	18.688279
16-07-2018	11:47:09	1.000000	2.000000	1.000000	-2.991260	19.900814
16-07-2018	11:48:09	1.000000	2.000000	1.000000	-0.915594	19.722713
16-07-2018	11:49:09	1.000000	2.000000	1.000000	2.828516	18.179018
16-07-2018	11:50:09	1.000000	2.000000	1.000000	-9.249663	15.486522
16-07-2018	11:51:09	1.000000	2.000000	1.000000	2.050690	12.023426
16-07-2018	11:52:09	1.000000	2.000000	1.000000	8.474281	8.276106
16-07-2018	11:53:09	1.000000	2.000000	1.000000	-8.288701	4.770915
16-07-2018	11:54:09	1.000000	2.000000	1.000000	-4.955807	2.000183
16-07-2018	11:55:09	1.000000	2.000000	1.000000	-2.126455	0.353095
16-07-2018	11:56:09	1.000000	2.000000	1.000000	2.936353	0.060957
16-07-2018	11:57:09	1.000000	2.000000	1.000000	3.937166	1.164811
16-07-2018	11:58:09	1.000000	2.000000	1.000000	4.056955	3.509641
16-07-2018	11:59:09	1.000000	2.000000	1.000000	-5.262998	6.766067
16-07-2018	12:00:09	1.000000	2.000000	1.000000	7.096936	10.476736
16-07-2018	12:01:09	1.000000	2.000000	1.000000	-7.109007	14.120439
16-07-2018	12:02:09	1.000000	2.000000	1.000000	5.142889	17.185420
16-07-2018	12:03:09	1.000000	2.000000	1.000000	2.792984	19.241137
16-07-2018	12:04:09	1.000000	2.000000	1.000000	4.331803	19.998863
16-07-2018	12:05:09	1.000000	2.000000	1.000000	-1.942644	19.352161
16-07-2018	12:06:09	1.000000	2.000000	1.000000	-4.266894	17.391885
16-07-2018	12:07:09	1.000000	2.000000	1.000000	-5.919565	14.393368
16-07-2018	12:08:09	1.000000	2.000000	1.000000	-2.809580	10.777795
16-07-2018	12:09:09	1.000000	2.000000	1.000000	4.119079	7.052906
16-07-2018	12:10:09	1.000000	2.000000	1.000000	-5.355800	3.741982
16-07-2018	12:11:09	1.000000	2.000000	1.000000	1.111278	1.310067
16-07-2018	12:12:09	1.000000	2.000000	1.000000	5.783659	0.098717
16-07-2018	12:13:09	1.000000	2.000000	1.000000	2.065342	0.278074
16-07-2018	12:14:09	1.000000	2.000000	1.000000	8.360466	1.822954
16-07-2018	12:15:09	1.000000	2.000000	1.000000	3.074099	4.516352
16-07-2018	12:16:09	1.000000	2.000000	1.000000	-1.507243	7.980009
16-07-2018	12:17:09	1.000000	2.000000	1.000000	7.058039	11.727356
16-07-2018	12:18:09	1.000000	2.000000	1.000000	3.308208	15.232086
16-07-2018	12:19:09	1.000000	2.000000	1.000000	8.510377	18.001945
16-07-2018	12:20:09	1.000000	2.000000	1.000000	-6.030942	19.647849
16-07-2018	12:21:09	1.000000	2.000000	1.000000	1.232036	19.938644
16-07-2018	12:22:09	1.000000	2.000000	1.000000	7.602983	18.833480
16-07-2018	12:23:09	1.000000	2.000000	1.000000	8.610079	16.487593
16-07-2018	12:24:09	1.000000	2.000000	1.000000	-5.510356	13.230473
16-07-2018	12:25:09	1.000000	2.000000	1.000000	-5.134986	9.519581
16-07-2018	12:26:09	1.000000	2.000000	1.000000	1.197631	5.876195
16-07-2018	12:27:09	1.000000	2.000000	1.000000	9.861885	2.812035
16-07-2018	12:28:09	1.000000	2.000000	1.000000	5.994296	0.757462
16-07-2018	12:29:09	1.000000	2.000000	1.000000	6.491287	0.001082
16-07-2018	12:30:09	1.000000	2.000000	1.000000	-2.460034	0.649135
16-07-2018	12:31:09	1.000000	2.000000	1.000000	4.737062	2.610578
16-07-2018	12:32:09	1.000000	2.000000	1.000000	-6.556147	5.609923
16-07-2018	12:33:09	1.000000	2.000000	1.000000	-0.903379	9.225906
16-07-2018	12:34:09	1.000000	2.000000	1.000000	5.507333	12.950595
16-07-2018	12:35:09	1.000000	2.000000	1.000000	-0.641786	16.260854
16-07-2018	12:36:09	1.000000	2.000000	1.000000	1.900763	18.691740
16-07-2018	12:37:09	1.000000	2.000000	1.000000	-1.581043	19.901791
16-07-2018	12:38:09	1.000000	2.000000	1.000000	6.644929	19.721084
16-07-2018	12:39:09	1.000000	2.000000	1.000000	-6.785680	18.174993
16-07-2018	12:40:09	1.000000	2.000000	1.000000	-2.667889	15.480675
16-07-2018	12:41:09	1.000000	2.000000	1.000000	5.443573	12.016514
16-07-2018	12:42:09	1.000000	2.000000	1.000000	7.842109	8.269156
16-07-2018	12:43:09	1.000000	2.000000	1.000000	4.536176	4.764891
16-07-2018	12:44:09	1.000000	2.000000	1.000000	-8.834341	1.995939
16-07-2018	12:45:09	1.000000	2.000000	1.000000	-8.465496	0.351229
16-07-2018	12:46:09	1.000000	2.000000	1.000000	0.075234	0.061746
16-07-2018	12:47:09	1.000000	2.000000	1.000000	-9.099461	1.168166
16-07-2018	12:48:09	1.000000	2.000000	1.000000	-4.650579	3.515083
16-07-2018	12:49:09	1.000000	2.000000	1.000000	-8.712012	6.772851
16-07-2018	12:50:09	1.000000	2.000000	1.000000	1.343808	10.483880
16-07-2018	12:51:09	1.000000	2.000000	1.000000	-5.383368	14.126951
16-07-2018	12:52:09	1.000000	2.000000	1.000000	1.981317	17.190389
16-07-2018	12:53:09	1.000000	2.000000	1.000000	-8.478941	19.243871
16-07-2018	12:54:09	1.000000	2.000000	1.000000	-6.966361	19.998968
16-07-2018	12:55:09	1.000000	2.000000	1.000000	8.252018	19.349642
16-07-2018	12:56:09	1.000000	2.000000	1.000000	6.076707	17.387109
16-07-2018	12:57:09	1.000000	2.000000	1.000000	0.922237	14.386987
16-07-2018	12:58:09	1.000000	2.000000	1.000000	-7.846746	10.770677
16-07-2018	12:59:09	1.000000	2.000000	1.000000	0.985030	7.046109
16-07-2018	13:00:09	1.000000	2.000000	1.000000	-6.347576	3.736466
16-07-2018	13:01:09	1.000000	2.000000	1.000000	-8.618652	1.306579
16-07-2018	13:02:09	1.000000	2.000000	1.000000	5.787542	0.097728
16-07-2018	13:03:09	1.000000	2.000000	1.000000	-6.660484	0.279738
16-07-2018	13:04:09	1.000000	2.000000	1.000000	8.112769	1.827032
16-07-2018	13:05:09	1.000000	2.000000	1.000000	-6.762665	4.522265
16-07-2018	13:06:09	1.000000	2.000000	1.000000	6.755472	7.986899
16-07-2018	13:07:09	1.000000	2.000000	1.000000	7.926785	11.734280
16-07-2018	13:08:09	1.000000	2.000000	1.000000	-4.155357	15.238069
16-07-2018	13:09:09	1.000000	2.000000	1.000000	-3.064356	18.006138
16-07-2018	13:10:09	1.000000	2.000000	1.000000	6.488888	19.649691
16-07-2018	13:11:09	1.000000	2.000000	1.000000	1.904073	19.937865
16-07-2018	13:12:09	1.000000	2.000000	1.000000	-4.397481	18.830207
16-07-2018	13:13:09	1.000000	2.000000	1.000000	6.935048	16.482282
16-07-2018	13:14:09	1.000000	2.000000	1.000000	4.378736	13.223872
16-07-2018	13:15:09	1.000000	2.000000	1.000000	2.285449	9.512656
16-07-2018	13:16:09	1.000000	2.000000	1.000000	5.102623	5.869854
16-07-2018	13:17:09	1.000000	2.000000	1.000000	-6.151677	2.807170
16-07-2018	13:18:09	1.000000	2.000000	1.000000	-0.128066	0.754796
16-07-2018	13:19:09	1.000000	2.000000	1.000000	-2.991916	0.000983
16-07-2018	13:20:09	1.000000	2.000000	1.000000	9.846146	0.651576
16-07-2018	13:21:09	1.000000	2.000000	1.000000	8.000452	2.615210
16-07-2018	13:22:09	1.000000	2.000000	1.000000	4.501978	5.616084
16-07-2018	13:23:09	1.000000	2.000000	1.000000	-6.858412	9.232681
16-07-2018	13:24:09	1.000000	2.000000	1.000000	-1.596165	12.957087
16-07-2018	13:25:09	1.000000	2.000000	1.000000	-3.118315	16.266143
16-07-2018	13:26:09	1.000000	2.000000	1.000000	-6.547910	18.695084
16-07-2018	13:27:09	1.000000	2.000000	1.000000	1.482083	19.902737
16-07-2018	13:28:09	1.000000	2.000000	1.000000	-7.537812	19.719485
16-07-2018	13:29:09	1.000000	2.000000	1.000000	-8.398364	18.171059
16-07-2018	13:30:09	1.000000	2.000000	1.000000	6.088906	15.474961
16-07-2018	13:31:09	1.000000	2.000000	1.000000	8.815184	12.009843
16-07-2018	13:32:09	1.000000	2.000000	1.000000	0.423196	8.262455
16-07-2018	13:33:09	1.000000	2.000000	1.000000	-7.572173	4.759078
16-07-2018	13:34:09	1.000000	2.000000	1.000000	1.148589	1.991866
16-07-2018	13:35:09	1.000000	2.000000	1.000000	-7.117451	0.349438
16-07-2018	13:36:09	1.000000	2.000000	1.000000	8.431524	0.062504
16-07-2018	13:37:09	1.000000	2.000000	1.000000	-0.055473	1.171369
16-07-2018	13:38:09	1.000000	2.000000	1.000000	-2.213131	3.520262
16-07-2018	13:39:09	1.000000	2.000000	1.000000	-8.881461	6.779275
16-07-2018	13:40:09	1.000000	2.000000	1.000000	-0.559449	10.490648
16-07-2018	13:41:09	1.000000	2.000000	1.000000	1.137887	14.133108
16-07-2018	13:42:09	1.000000	2.000000	1.000000	2.452492	17.195053
16-07-2018	13:43:09	1.000000	2.000000	1.000000	1.425895	19.246429
16-07-2018	13:44:09	1.000000	2.000000	1.000000	-1.067510	19.999062
16-07-2018	13:45:09	1.000000	2.000000	1.000000	3.166522	19.347271
16-07-2018	13:46:09	1.000000	2.000000	1.000000	1.577704	17.382588
16-07-2018	13:47:09	1.000000	2.000000	1.000000	8.334282	14.381000
16-07-2018	13:48:09	1.000000	2.000000	1.000000	-8.108989	10.764078
16-07-2018	13:49:09	1.000000	2.000000	1.000000	-9.257966	7.039831
16-07-2018	13:50:09	1.000000	2.000000	1.000000	-0.712081	3.731373
16-07-2018	13:51:09	1.000000	2.000000	1.000000	-5.765720	1.303355
16-07-2018	13:52:09	1.000000	2.000000	1.000000	-0.613821	0.096826
16-07-2018	13:53:09	1.000000	2.000000	1.000000	6.858998	0.281246
16-07-2018	13:54:09	1.000000	2.000000	1.000000	-1.017753	1.830708
16-07-2018	13:55:09	1.000000	2.000000	1.000000	-6.225038	4.527597
16-07-2018	13:56:09	1.000000	2.000000	1.000000	-9.824736	7.993144
16-07-2018	13:57:09	1.000000	2.000000	1.000000	8.260807	11.740547
16-07-2018	13:58:09	1.000000	2.000000	1.000000	9.192488	15.243458
16-07-2018	13:59:09	1.000000	2.000000	1.000000	-5.653257	18.009920
16-07-2018	14:00:09	1.000000	2.000000	1.000000	7.490493	19.651346
16-07-2018	14:01:09	1.000000	2.000000	1.000000	-5.170451	19.937160
16-07-2018	14:02:09	1.000000	2.000000	1.000000	7.344566	18.827225
16-07-2018	14:03:09	1.000000	2.000000	1.000000	-5.604877	16.477432
16-07-2018	14:04:09	1.000000	2.000000	1.000000	6.534374	13.217852
16-07-2018	14:05:09	1.000000	2.000000	1.000000	7.203082	9.506278
16-07-2018	14:06:09	1.000000	2.000000	1.000000	-8.357586	5.864041
16-07-2018	14:07:09	1.000000	2.000000	1.000000	0.055415	2.802755
16-07-2018	14:08:09	1.000000	2.000000	1.000000	-4.853908	0.752370
16-07-2018	14:09:09	1.000000	2.000000	1.000000	-8.093651	0.000895
16-07-2018	14:10:09	1.000000	2.000000	1.000000	3.444312	0.653874
16-07-2018	14:11:09	1.000000	2.000000	1.000000	-3.786106	2.619600
16-07-2018	14:12:09	1.000000	2.000000	1.000000	-6.089091	5.621955
16-07-2018	14:13:09	1.000000	2.000000	1.000000	1.042247	9.239236
16-07-2018	14:14:09	1.000000	2.000000	1.000000	7.633341	12.963387
16-07-2018	14:15:09	1.000000	2.000000	1.000000	-8.976578	16.271315
16-07-2018	14:16:09	1.000000	2.000000	1.000000	4.604259	18.698366
16-07-2018	14:17:09	1.000000	2.000000	1.000000	-5.055906	19.903661
16-07-2018	14:18:09	1.000000	2.000000	1.000000	5.799505	19.717911
16-07-2018	14:19:09	1.000000	2.000000	1.000000	-5.863693	18.167187
16-07-2018	14:20:09	1.000000	2.000000	1.000000	7.784525	15.469311
16-07-2018	14:21:09	1.000000	2.000000	1.000000	-2.399263	12.003206
16-07-2018	14:22:09	1.000000	2.000000	1.000000	9.781775	8.255745
16-07-2018	14:23:09	1.000000	2.000000	1.000000	0.933927	4.753280
16-07-2018	14:24:09	1.000000	2.000000	1.000000	-6.048560	1.987765
16-07-2018	14:25:09	1.000000	2.000000	1.000000	6.394129	0.347638
16-07-2018	14:26:09	1.000000	2.000000	1.000000	0.960711	0.063280
16-07-2018	14:27:09	1.000000	2.000000	1.000000	4.305695	1.174629
16-07-2018	14:28:09	1.000000	2.000000	1.000000	-4.069449	3.525584
16-07-2018	14:29:09	1.000000	2.000000	1.000000	3.717172	6.785939
16-07-2018	14:30:09	1.000000	2.000000	1.000000	7.953788	10.497739
16-07-2018	14:31:09	1.000000	2.000000	1.000000	-8.239813	14.139632
16-07-2018	14:32:09	1.000000	2.000000	1.000000	-0.387853	17.200057
16-07-2018	14:33:09	1.000000	2.000000	1.000000	0.458784	19.249172
16-07-2018	14:34:09	1.000000	2.000000	1.000000	8.412096	19.999159
16-07-2018	14:35:09	1.000000	2.000000	1.000000	-3.293816	19.344686
16-07-2018	14:36:09	1.000000	2.000000	1.000000	5.737252	17.377664
16-07-2018	14:37:09	1.000000	2.000000	1.000000	-0.493203	14.374400
16-07-2018	14:38:09	1.000000	2.000000	1.000000	2.950311	10.756706
16-07-2018	14:39:09	1.000000	2.000000	1.000000	-0.776023	7.032721
16-07-2018	14:40:09	1.000000	2.000000	1.000000	0.404574	3.725518
16-07-2018	14:41:09	1.000000	2.000000	1.000000	2.628761	1.299630
16-07-2018	14:42:09	1.000000	2.000000	1.000000	6.958904	0.095775
16-07-2018	14:43:09	1.000000	2.000000	1.000000	-8.150208	0.283058
16-07-2018	14:44:09	1.000000	2.000000	1.000000	7.155618	1.835181
16-07-2018	14:45:09	1.000000	2.000000	1.000000	-0.234185	4.534132
16-07-2018	14:46:09	1.000000	2.000000	1.000000	-4.256487	8.000819
16-07-2018	14:47:09	1.000000	2.000000	1.000000	-3.385549	11.748313
16-07-2018	14:48:09	1.000000	2.000000	1.000000	2.193538	15.250218
16-07-2018	14:49:09	1.000000	2.000000	1.000000	-1.839939	18.014689
16-07-2018	14:50:09	1.000000	2.000000	1.000000	-4.761724	19.653428
16-07-2018	14:51:09	1.000000	2.000000	1.000000	9.916744	19.936263
16-07-2018	14:52:09	1.000000	2.000000	1.000000	-0.249707	18.823460
16-07-2018	14:53:09	1.000000	2.000000	1.000000	1.972586	16.471329
16-07-2018	14:54:09	1.000000	2.000000	1.000000	-0.475452	13.210248
16-07-2018	14:55:09	1.000000	2.000000	1.000000	-8.162986	9.498246
16-07-2018	14:56:09	1.000000	2.000000	1.000000	4.383126	5.856723
16-07-2018	14:57:09	1.000000	2.000000	1.000000	6.470039	2.797149
16-07-2018	14:58:09	1.000000	2.000000	1.000000	4.601485	0.749294
16-07-2018	14:59:09	1.000000	2.000000	1.000000	-4.956389	0.000790
16-07-2018	15:00:09	1.000000	2.000000	1.000000	0.861240	0.656764
16-07-2018	15:01:09	1.000000	2.000000	1.000000	-1.505321	2.625087
16-07-2018	15:02:09	1.000000	2.000000	1.000000	-8.433426	5.629301
16-07-2018	15:03:09	1.000000	2.000000	1.000000	4.030357	9.247375
16-07-2018	15:04:09	1.000000	2.000000	1.000000	6.039024	12.971169
16-07-2018	15:05:09	1.000000	2.000000	1.000000	-6.526441	16.277655
16-07-2018	15:06:09	1.000000	2.000000	1.000000	0.353689	18.702379
16-07-2018	15:07:09	1.000000	2.000000	1.000000	0.554935	19.904790
16-07-2018	15:08:09	1.000000	2.000000	1.000000	5.733192	19.715980
16-07-2018	15:09:09	1.000000	2.000000	1.000000	2.708701	18.162471
16-07-2018	15:10:09	1.000000	2.000000	1.000000	-7.287486	15.462476
16-07-2018	15:11:09	1.000000	2.000000	1.000000	-7.846862	11.995238
16-07-2018	15:12:09	1.000000	2.000000	1.000000	-7.660041	8.247751
16-07-2018	15:13:09	1.000000	2.000000	1.000000	-7.353285	4.746382
16-07-2018	15:14:09	1.000000	2.000000	1.000000	-3.381300	1.982921
16-07-2018	15:15:09	1.000000	2.000000	1.000000	-9.766617	0.345532
16-07-2018	15:16:09	1.000000	2.000000	1.000000	-3.943446	0.064186
16-07-2018	15:17:09	1.000000	2.000000	1.000000	7.877508	1.178406
16-07-2018	15:18:09	1.000000	2.000000	1.000000	-4.981625	3.531689
16-07-2018	15:19:09	1.000000	2.000000	1.000000	8.104051	6.793494
16-07-2018	15:20:09	1.000000	2.000000	1.000000	-1.927995	10.505688
16-07-2018	15:21:09	1.000000	2.000000	1.000000	3.290801	14.146852
16-07-2018	15:22:09	1.000000	2.000000	1.000000	8.680967	17.205556
16-07-2018	15:23:09	1.000000	2.000000	1.000000	7.661627	19.252183
16-07-2018	15:24:09	1.000000	2.000000	1.000000	3.952286	19.999258
16-07-2018	15:25:09	1.000000	2.000000	1.000000	5.909243	19.341850
16-07-2018	15:26:09	1.000000	2.000000	1.000000	6.661390	17.372308
16-07-2018	15:27:09	1.000000	2.000000	1.000000	-7.127737	14.367278
16-07-2018	15:28:09	1.000000	2.000000	1.000000	7.607582	10.748815
16-07-2018	15:29:09	1.000000	2.000000	1.000000	-0.498223	7.025165
16-07-2018	15:30:09	1.000000	2.000000	1.000000	7.998447	3.719353
16-07-2018	15:31:09	1.000000	2.000000	1.000000	-9.641110	1.295725
16-07-2018	15:32:09	1.000000	2.000000	1.000000	5.895647	0.094685
16-07-2018	15:33:09	1.000000	2.000000	1.000000	-7.390539	0.284923
16-07-2018	15:34:09	1.000000	2.000000	1.000000	-8.586253	1.839725
16-07-2018	15:35:09	1.000000	2.000000	1.000000	-1.522789	4.540718
16-07-2018	15:36:09	1.000000	2.000000	1.000000	-2.782880	8.008501
16-07-2018	15:37:09	1.000000	2.000000	1.000000	8.647468	11.756019
16-07-2018	15:38:09	1.000000	2.000000	1.000000	-1.784125	15.256893
16-07-2018	15:39:09	1.000000	2.000000	1.000000	6.447769	18.019386
16-07-2018	15:40:09	1.000000	2.000000	1.000000	1.422527	19.655482
16-07-2018	15:41:09	1.000000	2.000000	1.000000	6.539932	19.935371
16-07-2018	15:42:09	1.000000	2.000000	1.000000	-7.480585	18.819749
16-07-2018	15:43:09	1.000000	2.000000	1.000000	1.990811	16.465323
16-07-2018	15:44:09	1.000000	2.000000	1.000000	2.702042	13.202789
16-07-2018	15:45:09	1.000000	2.000000	1.000000	-6.666823	9.490401
16-07-2018	15:46:09	1.000000	2.000000	1.000000	0.390845	5.849586
16-07-2018	15:47:09	1.000000	2.000000	1.000000	6.507889	2.791731
16-07-2018	15:48:09	1.000000	2.000000	1.000000	1.612703	0.746337
16-07-2018	15:49:09	1.000000	2.000000	1.000000	5.901910	0.000695
16-07-2018	15:50:09	1.000000	2.000000	1.000000	8.492964	0.659536
16-07-2018	15:51:09	1.000000	2.000000	1.000000	2.494691	2.630334
16-07-2018	15:52:09	1.000000	2.000000	1.000000	6.547285	5.636268
16-07-2018	15:53:09	1.000000	2.000000	1.000000	2.574595	9.255127
16-07-2018	15:54:09	1.000000	2.000000	1.000000	2.865687	12.978606
16-07-2018	15:55:09	1.000000	2.000000	1.000000	-5.625985	16.283716
16-07-2018	15:56:09	1.000000	2.000000	1.000000	1.068679	18.706212
16-07-2018	15:57:09	1.000000	2.000000	1.000000	8.312135	19.905858
16-07-2018	15:58:09	1.000000	2.000000	1.000000	1.106695	19.714130
16-07-2018	15:59:09	1.000000	2.000000	1.000000	-6.511540	18.157968
16-07-2018	16:00:09	1.000000	2.000000	1.000000	7.313596	15.455947
16-07-2018	16:01:09	1.000000	2.000000	1.000000	8.113609	11.987600
16-07-2018	16:02:09	1.000000	2.000000	1.000000	-5.307001	8.240089
16-07-2018	16:03:09	1.000000	2.000000	1.000000	-7.814288	4.739757
16-07-2018	16:04:09	1.000000	2.000000	1.000000	7.418462	1.978278
16-07-2018	16:05:09	1.000000	2.000000	1.000000	6.667394	0.343503
16-07-2018	16:06:09	1.000000	2.000000	1.000000	-6.163610	0.065071
16-07-2018	16:07:09	1.000000	2.000000	1.000000	-6.951779	1.182082
16-07-2018	16:08:09	1.000000	2.000000	1.000000	5.775889	3.537643
16-07-2018	16:09:09	1.000000	2.000000	1.000000	5.425217	6.800900
16-07-2018	16:10:09	1.000000	2.000000	1.000000	1.771463	10.513486
16-07-2018	16:11:09	1.000000	2.000000	1.000000	3.730528	14.153955
16-07-2018	16:12:09	1.000000	2.000000	1.000000	-3.902284	17.210968
16-07-2018	16:13:09	1.000000	2.000000	1.000000	-3.653986	19.255146
16-07-2018	16:14:09	1.000000	2.000000	1.000000	-7.562196	19.999350
16-07-2018	16:15:09	1.000000	2.000000	1.000000	-8.388219	19.339060
16-07-2018	16:16:09	1.000000	2.000000	1.000000	1.356955	17.367025
16-07-2018	16:17:09	1.000000	2.000000	1.000000	0.254691	14.360204
16-07-2018	16:18:09	1.000000	2.000000	1.000000	0.726864	10.740991
16-07-2018	16:19:09	1.000000	2.000000	1.000000	-7.114244	7.017673
16-07-2018	16:20:09	1.000000	2.000000	1.000000	9.534227	3.713248
16-07-2018	16:21:09	1.000000	2.000000	1.000000	-8.535742	1.291856
16-07-2018	16:22:09	1.000000	2.000000	1.000000	-7.546939	0.093606
16-07-2018	16:23:09	1.000000	2.000000	1.000000	-8.645916	0.286801
16-07-2018	16:24:09	1.000000	2.000000	1.000000	9.244966	1.844292
16-07-2018	16:25:09	1.000000	2.000000	1.000000	7.708172	4.547330
16-07-2018	16:26:09	1.000000	2.000000	1.000000	6.313238	8.016224
16-07-2018	16:27:09	1.000000	2.000000	1.000000	-3.427434	11.763758
16-07-2018	16:28:09	1.000000	2.000000	1.000000	-7.136706	15.263587
16-07-2018	16:29:09	1.000000	2.000000	1.000000	-7.017323	18.024083
16-07-2018	16:30:09	1.000000	2.000000	1.000000	-6.225438	19.657523
16-07-2018	16:31:09	1.000000	2.000000	1.000000	9.209225	19.934475
16-07-2018	16:32:09	1.000000	2.000000	1.000000	-2.662753	18.816031
16-07-2018	16:33:09	1.000000	2.000000	1.000000	-1.730540	16.459311
16-07-2018	16:34:09	1.000000	2.000000	1.000000	-4.577186	13.195331
16-07-2018	16:35:09	1.000000	2.000000	1.000000	9.040180	9.482550
16-07-2018	16:36:09	1.000000	2.000000	1.000000	8.991079	5.842426
16-07-2018	16:37:09	1.000000	2.000000	1.000000	3.906423	2.786275
16-07-2018	16:38:09	1.000000	2.000000	1.000000	-0.438353	0.743362
16-07-2018	16:39:09	1.000000	2.000000	1.000000	9.474934	0.000606
16-07-2018	16:40:09	1.000000	2.000000	1.000000	2.308149	0.662340
16-07-2018	16:41:09	1.000000	2.000000	1.000000	-2.978073	2.635614
16-07-2018	16:42:09	1.000000	2.000000	1.000000	3.947852	5.643282
16-07-2018	16:43:09	1.000000	2.000000	1.000000	-9.552408	9.262887
16-07-2018	16:44:09	1.000000	2.000000	1.000000	-8.172058	12.986020
16-07-2018	16:45:09	1.000000	2.000000	1.000000	9.791056	16.289758
16-07-2018	16:46:09	1.000000	2.000000	1.000000	4.389208	18.710037
16-07-2018	16:47:09	1.000000	2.000000	1.000000	-5.863651	19.906918
16-07-2018	16:48:09	1.000000	2.000000	1.000000	4.848878	19.712293
16-07-2018	16:49:09	1.000000	2.000000	1.000000	-4.796971	18.153483
16-07-2018	16:50:09	1.000000	2.000000	1.000000	7.785613	15.449442
16-07-2018	16:51:09	1.000000	2.000000	1.000000	0.383649	11.979977
16-07-2018	16:52:09	1.000000	2.000000	1.000000	0.037542	8.232421
16-07-2018	16:53:09	1.000000	2.000000	1.000000	2.631640	4.733154
16-07-2018	16:54:09	1.000000	2.000000	1.000000	-7.505188	1.973645
16-07-2018	16:55:09	1.000000	2.000000	1.000000	-6.883753	0.341493
16-07-2018	16:56:09	1.000000	2.000000	1.000000	-7.544307	0.065958
16-07-2018	16:57:09	1.000000	2.000000	1.000000	0.343289	1.185745
16-07-2018	16:58:09	1.000000	2.000000	1.000000	-9.476055	3.543580
16-07-2018	16:59:09	1.000000	2.000000	1.000000	1.985452	6.808291
16-07-2018	17:00:09	1.000000	2.000000	1.000000	-5.731273	10.521296
16-07-2018	17:01:09	1.000000	2.000000	1.000000	-2.709708	14.161079
16-07-2018	17:02:09	1.000000	2.000000	1.000000	9.902025	17.216407
16-07-2018	17:03:09	1.000000	2.000000	1.000000	-6.001839	19.258108
16-07-2018	17:04:09	1.000000	2.000000	1.000000	9.914842	19.999437
16-07-2018	17:05:09	1.000000	2.000000	1.000000	-8.197587	19.336249
16-07-2018	17:06:09	1.000000	2.000000	1.000000	1.987900	17.361692
16-07-2018	17:07:09	1.000000	2.000000	1.000000	-4.587341	14.353115
16-07-2018	17:08:09	1.000000	2.000000	1.000000	-2.288785	10.733095
16-07-2018	17:09:09	1.000000	2.000000	1.000000	-0.955291	7.010145
16-07-2018	17:10:09	1.000000	2.000000	1.000000	-1.804107	3.707128
16-07-2018	17:11:09	1.000000	2.000000	1.000000	-5.521543	1.287987
16-07-2018	17:12:09	1.000000	2.000000	1.000000	-3.060172	0.092533
16-07-2018	17:13:09	1.000000	2.000000	1.000000	-6.489982	0.288678
16-07-2018	17:14:09	1.000000	2.000000	1.000000	8.920876	1.848861
16-07-2018	17:15:09	1.000000	2.000000	1.000000	-0.734005	4.553933
16-07-2018	17:16:09	1.000000	2.000000	1.000000	-7.131469	8.023953
16-07-2018	17:17:09	1.000000	2.000000	1.000000	6.707716	11.771520
16-07-2018	17:18:09	1.000000	2.000000	1.000000	-7.821284	15.270274
16-07-2018	17:19:09	1.000000	2.000000	1.000000	1.115278	18.028763
16-07-2018	17:20:09	1.000000	2.000000	1.000000	9.629783	19.659552
16-07-2018	17:21:09	1.000000	2.000000	1.000000	6.180631	19.933579
16-07-2018	17:22:09	1.000000	2.000000	1.000000	0.727768	18.812356
16-07-2018	17:23:09	1.000000	2.000000	1.000000	3.322919	16.453363
16-07-2018	17:24:09	1.000000	2.000000	1.000000	-7.073949	13.187922
16-07-2018	17:25:09	1.000000	2.000000	1.000000	-1.298322	9.474726
16-07-2018	17:26:09	1.000000	2.000000	1.000000	-9.709121	5.835315
16-07-2018	17:27:09	1.000000	2.000000	1.000000	-3.656257	2.780851
16-07-2018	17:28:09	1.000000	2.000000	1.000000	0.423050	0.740389
16-07-2018	17:29:09	1.000000	2.000000	1.000000	-6.719705	0.000522
16-07-2018	17:30:09	1.000000	2.000000	1.000000	4.581781	0.665173
16-07-2018	17:31:09	1.000000	2.000000	1.000000	5.443822	2.640990
16-07-2018	17:32:09	1.000000	2.000000	1.000000	-2.159186	5.650436
16-07-2018	17:33:09	1.000000	2.000000	1.000000	-9.068757	9.270812
16-07-2018	17:34:09	1.000000	2.000000	1.000000	2.606053	12.993596
16-07-2018	17:35:09	1.000000	2.000000	1.000000	5.199590	16.295907
16-07-2018	17:36:09	1.000000	2.000000	1.000000	5.397605	18.713915
16-07-2018	17:37:09	1.000000	2.000000	1.000000	-2.139720	19.907989
16-07-2018	17:38:09	1.000000	2.000000	1.000000	3.096327	19.710409
16-07-2018	17:39:09	1.000000	2.000000	1.000000	-1.192160	18.148935
16-07-2018	17:40:09	1.000000	2.000000	1.000000	2.664051	15.442883
16-07-2018	17:41:09	1.000000	2.000000	1.000000	-5.026940	11.972329
16-07-2018	17:42:09	1.000000	2.000000	1.000000	-2.549109	8.224728
16-07-2018	17:43:09	1.000000	2.000000	1.000000	9.776995	4.726499
16-07-2018	17:44:09	1.000000	2.000000	1.000000	1.959775	1.968959
16-07-2018	17:45:09	1.000000	2.000000	1.000000	1.793028	0.339454
16-07-2018	17:46:09	1.000000	2.000000	1.000000	-5.948364	0.066865
16-07-2018	17:47:09	1.000000	2.000000	1.000000	6.386336	1.189481
16-07-2018	17:48:09	1.000000	2.000000	1.000000	-6.559784	3.549614
16-07-2018	17:49:09	1.000000	2.000000	1.000000	4.511804	6.815766
16-07-2018	17:50:09	1.000000	2.000000	1.000000	0.928658	10.529174
16-07-2018	17:51:09	1.000000	2.000000	1.000000	-1.549076	14.168240
16-07-2018	17:52:09	1.000000	2.000000	1.000000	5.054937	17.221830
16-07-2018	17:53:09	1.000000	2.000000	1.000000	8.824240	19.261076
16-07-2018	17:54:09	1.000000	2.000000	1.000000	6.609781	19.999517
16-07-2018	17:55:09	1.000000	2.000000	1.000000	2.169232	19.333445
16-07-2018	17:56:09	1.000000	2.000000	1.000000	4.260751	17.356406
16-07-2018	17:57:09	1.000000	2.000000	1.000000	6.028703	14.346116
16-07-2018	17:58:09	1.000000	2.000000	1.000000	-0.981476	10.725349
16-07-2018	17:59:09	1.000000	2.000000	1.000000	-2.719520	7.002720
16-07-2018	18:00:09	1.000000	2.000000	1.000000	6.812609	3.701080
16-07-2018	18:01:09	1.000000	2.000000	1.000000	1.544734	1.284172
16-07-2018	18:02:09	1.000000	2.000000	1.000000	1.042584	0.091485
16-07-2018	18:03:09	1.000000	2.000000	1.000000	2.278702	0.290530
16-07-2018	18:04:09	1.000000	2.000000	1.000000	2.058078	1.853359
16-07-2018	18:05:09	1.000000	2.000000	1.000000	-0.768150	4.560452
16-07-2018	18:06:09	1.000000	2.000000	1.000000	1.254476	8.031586
16-07-2018	18:07:09	1.000000	2.000000	1.000000	-1.741265	11.779162
16-07-2018	18:08:09	1.000000	2.000000	1.000000	3.906451	15.276868
16-07-2018	18:09:09	1.000000	2.000000	1.000000	3.866238	18.033392
16-07-2018	18:10:09	1.000000	2.000000	1.000000	0.180100	19.661568
16-07-2018	18:11:09	1.000000	2.000000	1.000000	5.077011	19.932678
16-07-2018	18:12:09	1.000000	2.000000	1.000000	6.057283	18.808649
16-07-2018	18:13:09	1.000000	2.000000	1.000000	5.958209	16.447363
16-07-2018	18:14:09	1.000000	2.000000	1.000000	-7.832186	13.180488
16-07-2018	18:15:09	1.000000	2.000000	1.000000	-4.113046	9.466913
16-07-2018	18:16:09	1.000000	2.000000	1.000000	-6.421329	5.828201
16-07-2018	18:17:09	1.000000	2.000000	1.000000	2.419520	2.775441
16-07-2018	18:18:09	1.000000	2.000000	1.000000	-5.147915	0.737432
16-07-2018	18:19:09	1.000000	2.000000	1.000000	-2.310518	0.000445
16-07-2018	18:20:09	1.000000	2.000000	1.000000	7.496413	0.667980
16-07-2018	18:21:09	1.000000	2.000000	1.000000	3.465833	2.646280
16-07-2018	18:22:09	1.000000	2.000000	1.000000	1.543564	5.657476
16-07-2018	18:23:09	1.000000	2.000000	1.000000	7.359351	9.278636
16-07-2018	18:24:09	1.000000	2.000000	1.000000	-9.405426	13.001109
16-07-2018	18:25:09	1.000000	2.000000	1.000000	-4.585087	16.302048
16-07-2018	18:26:09	1.000000	2.000000	1.000000	-7.332685	18.717805
16-07-2018	18:27:09	1.000000	2.000000	1.000000	1.090509	19.909063
16-07-2018	18:28:09	1.000000	2.000000	1.000000	-1.725963	19.708499
16-07-2018	18:29:09	1.000000	2.000000	1.000000	7.810016	18.144285
16-07-2018	18:30:09	1.000000	2.000000	1.000000	-9.543357	15.436129
16-07-2018	18:31:09	1.000000	2.000000	1.000000	5.759808	11.964416
16-07-2018	18:32:09	1.000000	2.000000	1.000000	-1.539734	8.216809
16-07-2018	18:33:09	1.000000	2.000000	1.000000	3.096857	4.719636
16-07-2018	18:34:09	1.000000	2.000000	1.000000	-3.185636	1.964157
16-07-2018	18:35:09	1.000000	2.000000	1.000000	6.630734	0.337376
16-07-2018	18:36:09	1.000000	2.000000	1.000000	-0.978923	0.067796
16-07-2018	18:37:09	1.000000	2.000000	1.000000	8.294696	1.193273
16-07-2018	18:38:09	1.000000	2.000000	1.000000	-8.747495	3.555723
16-07-2018	18:39:09	1.000000	2.000000	1.000000	-5.395624	6.823307
16-07-2018	18:40:09	1.000000	2.000000	1.000000	-3.791692	10.537119
16-07-2018	18:41:09	1.000000	2.000000	1.000000	-2.617699	14.175488
16-07-2018	18:42:09	1.000000	2.000000	1.000000	9.294951	17.227370
16-07-2018	18:43:09	1.000000	2.000000	1.000000	0.128575	19.264096
16-07-2018	18:44:09	1.000000	2.000000	1.000000	5.149597	19.999593
16-07-2018	18:45:09	1.000000	2.000000	1.000000	1.032451	19.330556
16-07-2018	18:46:09	1.000000	2.000000	1.000000	1.882678	17.350967
16-07-2018	18:47:09	1.000000	2.000000	1.000000	-9.008545	14.338882
16-07-2018	18:48:09	1.000000	2.000000	1.000000	5.416451	10.717362
16-07-2018	18:49:09	1.000000	2.000000	1.000000	1.643261	6.995068
16-07-2018	18:50:09	1.000000	2.000000	1.000000	2.667316	3.694850
16-07-2018	18:51:09	1.000000	2.000000	1.000000	8.629939	1.280252
16-07-2018	18:52:09	1.000000	2.000000	1.000000	-4.984518	0.090407
16-07-2018	18:53:09	1.000000	2.000000	1.000000	5.290776	0.292443
16-07-2018	18:54:09	1.000000	2.000000	1.000000	4.509373	1.857984
16-07-2018	18:55:09	1.000000	2.000000	1.000000	-5.665613	4.567128
16-07-2018	18:56:09	1.000000	2.000000	1.000000	-7.483295	8.039360
16-07-2018	18:57:09	1.000000	2.000000	1.000000	-3.137263	11.786988
16-07-2018	18:58:09	1.000000	2.000000	1.000000	-0.702422	15.283632
16-07-2018	18:59:09	1.000000	2.000000	1.000000	3.769308	18.038143
16-07-2018	19:00:09	1.000000	2.000000	1.000000	1.403281	19.663619
16-07-2018	19:01:09	1.000000	2.000000	1.000000	4.474752	19.931751
16-07-2018	19:02:09	1.000000	2.000000	1.000000	-0.422278	18.804871
16-07-2018	19:03:09	1.000000	2.000000	1.000000	8.820332	16.441276
16-07-2018	19:04:09	1.000000	2.000000	1.000000	0.743671	13.172934
16-07-2018	19:05:09	1.000000	2.000000	1.000000	0.825833	9.458923
16-07-2018	19:06:09	1.000000	2.000000	1.000000	5.018052	5.820916
16-07-2018	19:07:09	1.000000	2.000000	1.000000	4.979087	2.769900
16-07-2018	19:08:09	1.000000	2.000000	1.000000	-1.448942	0.734425
16-07-2018	19:09:09	1.000000	2.000000	1.000000	7.854332	0.000373
16-07-2018	19:10:09	1.000000	2.000000	1.000000	8.475930	0.670855
16-07-2018	19:11:09	1.000000	2.000000	1.000000	-7.613129	2.651677
16-07-2018	19:12:09	1.000000	2.000000	1.000000	8.595650	5.664631
16-07-2018	19:13:09	1.000000	2.000000	1.000000	-3.031909	9.286541
16-07-2018	19:14:09	1.000000	2.000000	1.000000	-6.547652	13.008645
16-07-2018	19:15:09	1.000000	2.000000	1.000000	-9.299077	16.308169
16-07-2018	19:16:09	1.000000	2.000000	1.000000	8.582066	18.721651
16-07-2018	19:17:09	1.000000	2.000000	1.000000	-6.860796	19.910112
16-07-2018	19:18:09	1.000000	2.000000	1.000000	-2.245570	19.706625
16-07-2018	19:19:09	1.000000	2.000000	1.000000	3.405285	18.139772
16-07-2018	19:20:09	1.000000	2.000000	1.000000	9.095950	15.429603
16-07-2018	19:21:09	1.000000	2.000000	1.000000	-0.201872	11.956805
16-07-2018	19:22:09	1.000000	2.000000	1.000000	0.533465	8.209144
16-07-2018	19:23:09	1.000000	2.000000	1.000000	1.956748	4.713043
16-07-2018	19:24:09	1.000000	2.000000	1.000000	-6.667242	1.959531
16-07-2018	19:25:09	1.000000	2.000000	1.000000	7.643912	0.335375
16-07-2018	19:26:09	1.000000	2.000000	1.000000	-7.026600	0.068706
16-07-2018	19:27:09	1.000000	2.000000	1.000000	-7.085115	1.196973
16-07-2018	19:28:09	1.000000	2.000000	1.000000	-0.233286	3.561712
16-07-2018	19:29:09	1.000000	2.000000	1.000000	3.490044	6.830761
16-07-2018	19:30:09	1.000000	2.000000	1.000000	-6.772524	10.544955
16-07-2018	19:31:09	1.000000	2.000000	1.000000	-4.028152	14.182621
16-07-2018	19:32:09	1.000000	2.000000	1.000000	-9.403056	17.232792
16-07-2018	19:33:09	1.000000	2.000000	1.000000	2.719645	19.267050
16-07-2018	19:34:09	1.000000	2.000000	1.000000	2.058064	19.999660
16-07-2018	19:35:09	1.000000	2.000000	1.000000	6.148095	19.327725
16-07-2018	19:36:09	1.000000	2.000000	1.000000	5.105688	17.345637
16-07-2018	19:37:09	1.000000	2.000000	1.000000	-6.242627	14.331798
16-07-2018	19:38:09	1.000000	2.000000	1.000000	2.321405	10.709538
16-07-2018	19:39:09	1.000000	2.000000	1.000000	-7.464597	6.987614
16-07-2018	19:40:09	1.000000	2.000000	1.000000	8.757010	3.688795
16-07-2018	19:41:09	1.000000	2.000000	1.000000	9.171028	1.276431
16-07-2018	19:42:09	1.000000	2.000000	1.000000	-5.068198	0.089363
16-07-2018	19:43:09	1.000000	2.000000	1.000000	-2.904367	0.294320
16-07-2018	19:44:09	1.000000	2.000000	1.000000	-5.714812	1.862520
16-07-2018	19:45:09	1.000000	2.000000	1.000000	5.986004	4.573692
16-07-2018	19:46:09	1.000000	2.000000	1.000000	-2.966938	8.047035
16-07-2018	19:47:09	1.000000	2.000000	1.000000	-5.655919	11.794682
16-07-2018	19:48:09	1.000000	2.000000	1.000000	-9.818025	15.290268
16-07-2018	19:49:09	1.000000	2.000000	1.000000	-0.017870	18.042777
16-07-2018	19:50:09	1.000000	2.000000	1.000000	-2.466859	19.665616
16-07-2018	19:51:09	1.000000	2.000000	1.000000	-7.160622	19.930844
16-07-2018	19:52:09	1.000000	2.000000	1.000000	-7.780014	18.801207
16-07-2018	19:53:09	1.000000	2.000000	1.000000	0.150992	16.435374
16-07-2018	19:54:09	1.000000	2.000000	1.000000	4.988388	13.165647
16-07-2018	19:55:09	1.000000	2.000000	1.000000	2.034240	9.451283
16-07-2018	19:56:09	1.000000	2.000000	1.000000	-0.840814	5.813992
16-07-2018	19:57:09	1.000000	2.000000	1.000000	2.608955	2.764664
16-07-2018	19:58:09	1.000000	2.000000	1.000000	-1.071044	0.731573
16-07-2018	19:59:09	1.000000	2.000000	1.000000	-0.565649	0.000310
16-07-2018	20:00:09	1.000000	2.000000	1.000000	-4.816782	0.673574
16-07-2018	20:01:09	1.000000	2.000000	1.000000	-8.090799	2.656808
16-07-2018	20:02:09	1.000000	2.000000	1.000000	-0.536705	5.671457
16-07-2018	20:03:09	1.000000	2.000000	1.000000	6.759564	9.294088
16-07-2018	20:04:09	1.000000	2.000000	1.000000	2.762670	13.015864
16-07-2018	20:05:09	1.000000	2.000000	1.000000	-0.411345	16.314041
16-07-2018	20:06:09	1.000000	2.000000	1.000000	-8.897139	18.725359
16-07-2018	20:07:09	1.000000	2.000000	1.000000	-3.653242	19.911126
16-07-2018	20:08:09	1.000000	2.000000	1.000000	4.383077	19.704795
16-07-2018	20:09:09	1.000000	2.000000	1.000000	-0.361635	18.135351
16-07-2018	20:10:09	1.000000	2.000000	1.000000	-3.797557	15.423244
16-07-2018	20:11:09	1.000000	2.000000	1.000000	-8.721498	11.949395
16-07-2018	20:12:09	1.000000	2.000000	1.000000	6.400887	8.201731
16-07-2018	20:13:09	1.000000	2.000000	1.000000	1.994614	4.706652
16-07-2018	20:14:09	1.000000	2.000000	1.000000	-6.858307	1.955065
16-07-2018	20:15:09	1.000000	2.000000	1.000000	0.925943	0.333451
16-07-2018	20:16:09	1.000000	2.000000	1.000000	-3.361698	0.069587
16-07-2018	20:17:09	1.000000	2.000000	1.000000	3.041990	1.200536
16-07-2018	20:18:09	1.000000	2.000000	1.000000	-3.854813	3.567419
16-07-2018	20:19:09	1.000000	2.000000	1.000000	2.017993	6.837839
16-07-2018	20:20:09	1.000000	2.000000	1.000000	-2.587495	10.552422
16-07-2018	20:21:09	1.000000	2.000000	1.000000	3.263486	14.189406
16-07-2018	20:22:09	1.000000	2.000000	1.000000	-4.516920	17.237952
16-07-2018	20:23:09	1.000000	2.000000	1.000000	-4.229094	19.269853
16-07-2018	20:24:09	1.000000	2.000000	1.000000	-4.613391	19.999719
16-07-2018	20:25:09	1.000000	2.000000	1.000000	3.377987	19.325039
16-07-2018	20:26:09	1.000000	2.000000	1.000000	-4.325303	17.340580
16-07-2018	20:27:09	1.000000	2.000000	1.000000	-0.137678	14.325059
16-07-2018	20:28:09	1.000000	2.000000	1.000000	-6.285792	10.702044
16-07-2018	20:29:09	1.000000	2.000000	1.000000	9.917895	6.980416
16-07-2018	20:30:09	1.000000	2.000000	1.000000	1.989323	3.682922
16-07-2018	20:31:09	1.000000	2.000000	1.000000	9.921865	1.272732
16-07-2018	20:32:09	1.000000	2.000000	1.000000	-2.658748	0.088356
16-07-2018	20:33:09	1.000000	2.000000	1.000000	6.345009	0.296151
16-07-2018	20:34:09	1.000000	2.000000	1.000000	-0.110247	1.866942
16-07-2018	20:35:09	1.000000	2.000000	1.000000	-4.499554	4.580093
16-07-2018	20:36:09	1.000000	2.000000	1.000000	3.821590	8.054532
16-07-2018	20:37:09	1.000000	2.000000	1.000000	-8.221491	11.802183
16-07-2018	20:38:09	1.000000	2.000000	1.000000	3.699421	15.296708
16-07-2018	20:39:09	1.000000	2.000000	1.000000	6.622991	18.047291
16-07-2018	20:40:09	1.000000	2.000000	1.000000	-3.818362	19.667568
16-07-2018	20:41:09	1.000000	2.000000	1.000000	2.113572	19.929943
16-07-2018	20:42:09	1.000000	2.000000	1.000000	-7.348225	18.797564
16-07-2018	20:43:09	1.000000	2.000000	1.000000	-3.404965	16.429492
16-07-2018	20:44:09	1.000000	2.000000	1.000000	-7.031554	13.158336
16-07-2018	20:45:09	1.000000	2.000000	1.000000	1.670186	9.443554
16-07-2018	20:46:09	1.000000	2.000000	1.000000	9.516381	5.806932
16-07-2018	20:47:09	1.000000	2.000000	1.000000	-8.228858	2.759266
16-07-2018	20:48:09	1.000000	2.000000	1.000000	-8.305836	0.728639
16-07-2018	20:49:09	1.000000	2.000000	1.000000	2.855567	0.000251
16-07-2018	20:50:09	1.000000	2.000000	1.000000	3.555399	0.676422
16-07-2018	20:51:09	1.000000	2.000000	1.000000	6.947069	2.662179
16-07-2018	20:52:09	1.000000	2.000000	1.000000	-4.855613	5.678591
16-07-2018	20:53:09	1.000000	2.000000	1.000000	-3.457283	9.301990
16-07-2018	20:54:09	1.000000	2.000000	1.000000	7.024681	13.023419
16-07-2018	20:55:09	1.000000	2.000000	1.000000	5.831217	16.320180
16-07-2018	20:56:09	1.000000	2.000000	1.000000	-9.924677	18.729218
16-07-2018	20:57:09	1.000000	2.000000	1.000000	-3.623250	19.912172
16-07-2018	20:58:09	1.000000	2.000000	1.000000	-9.989717	19.702895
16-07-2018	20:59:09	1.000000	2.000000	1.000000	8.126029	18.130761
16-07-2018	21:00:09	1.000000	2.000000	1.000000	2.149425	15.416597
16-07-2018	21:01:09	1.000000	2.000000	1.000000	7.436868	11.941612
16-07-2018	21:02:09	1.000000	2.000000	1.000000	-3.154676	8.193918
16-07-2018	21:03:09	1.000000	2.000000	1.000000	-2.781411	4.699914
16-07-2018	21:04:09	1.000000	2.000000	1.000000	0.077509	1.950334
16-07-2018	21:05:09	1.000000	2.000000	1.000000	5.591744	0.331411
16-07-2018	21:06:09	1.000000	2.000000	1.000000	2.171326	0.070528
16-07-2018	21:07:09	1.000000	2.000000	1.000000	-0.433027	1.204327
16-07-2018	21:08:09	1.000000	2.000000	1.000000	7.889310	3.573533
16-07-2018	21:09:09	1.000000	2.000000	1.000000	2.352643	6.845404
16-07-2018	21:10:09	1.000000	2.000000	1.000000	-4.882551	10.560379
16-07-2018	21:11:09	1.000000	2.000000	1.000000	2.185219	14.196644
16-07-2018	21:12:09	1.000000	2.000000	1.000000	-7.172197	17.243447
16-07-2018	21:13:09	1.000000	2.000000	1.000000	-6.124752	19.272842
16-07-2018	21:14:09	1.000000	2.000000	1.000000	-7.915896	19.999776
16-07-2018	21:15:09	1.000000	2.000000	1.000000	3.390702	19.322146
16-07-2018	21:16:09	1.000000	2.000000	1.000000	-7.805314	17.335131
16-07-2018	21:17:09	1.000000	2.000000	1.000000	-3.645620	14.317845
16-07-2018	21:18:09	1.000000	2.000000	1.000000	-9.867857	10.694079
16-07-2018	21:19:09	1.000000	2.000000	1.000000	1.747299	6.972811
16-07-2018	21:20:09	1.000000	2.000000	1.000000	2.037778	3.676736
16-07-2018	21:21:09	1.000000	2.000000	1.000000	4.067558	1.268827
16-07-2018	21:22:09	1.000000	2.000000	1.000000	9.526385	0.087294
16-07-2018	21:23:09	1.000000	2.000000	1.000000	-8.026556	0.298094
16-07-2018	21:24:09	1.000000	2.000000	1.000000	-7.607699	1.871619
16-07-2018	21:25:09	1.000000	2.000000	1.000000	-8.469487	4.586852
16-07-2018	21:26:09	1.000000	2.000000	1.000000	9.446062	8.062413
16-07-2018	21:27:09	1.000000	2.000000	1.000000	-7.493740	11.810126
16-07-2018	21:28:09	1.000000	2.000000	1.000000	2.704916	15.303571
16-07-2018	21:29:09	1.000000	2.000000	1.000000	4.207583	18.052090
16-07-2018	21:30:09	1.000000	2.000000	1.000000	-7.475649	19.669629
16-07-2018	21:31:09	1.000000	2.000000	1.000000	-5.758973	19.928988
16-07-2018	21:32:09	1.000000	2.000000	1.000000	-0.811064	18.793743
16-07-2018	21:33:09	1.000000	2.000000	1.000000	-9.229382	16.423336
16-07-2018	21:34:09	1.000000	2.000000	1.000000	9.749961	13.150734
16-07-2018	21:35:09	1.000000	2.000000	1.000000	7.026728	9.435552
16-07-2018	21:36:09	1.000000	2.000000	1.000000	4.387097	5.799701
16-07-2018	21:37:09	1.000000	2.000000	1.000000	1.420407	2.753791
16-07-2018	21:38:09	1.000000	2.000000	1.000000	1.879236	0.725670
16-07-2018	21:39:09	1.000000	2.000000	1.000000	8.416364	0.000199
16-07-2018	21:40:09	1.000000	2.000000	1.000000	8.742913	0.679275
16-07-2018	21:41:09	1.000000	2.000000	1.000000	7.688095	2.667537
16-07-2018	21:42:09	1.000000	2.000000	1.000000	-8.643836	5.685692
16-07-2018	21:43:09	1.000000	2.000000	1.000000	-7.139888	9.309839
16-07-2018	21:44:09	1.000000	2.000000	1.000000	7.500208	13.030934
16-07-2018	21:45:09	1.000000	2.000000	1.000000	-4.065126	16.326307
16-07-2018	21:46:09	1.000000	2.000000	1.000000	-0.281714	18.733081
16-07-2018	21:47:09	1.000000	2.000000	1.000000	1.225581	19.913222
16-07-2018	21:48:09	1.000000	2.000000	1.000000	5.378207	19.700955
16-07-2018	21:49:09	1.000000	2.000000	1.000000	6.033657	18.126103
16-07-2018	21:50:09	1.000000	2.000000	1.000000	2.907420	15.409854
16-07-2018	21:51:09	1.000000	2.000000	1.000000	2.972361	11.933744
16-07-2018	21:52:09	1.000000	2.000000	1.000000	-2.679119	8.186052
16-07-2018	21:53:09	1.000000	2.000000	1.000000	4.507042	4.693143
16-07-2018	21:54:09	1.000000	2.000000	1.000000	4.606342	1.945601
16-07-2018	21:55:09	1.000000	2.000000	1.000000	-9.052423	0.329374
16-07-2018	21:56:09	1.000000	2.000000	1.000000	9.628712	0.071476
16-07-2018	21:57:09	1.000000	2.000000	1.000000	-6.980319	1.208116
16-07-2018	21:58:09	1.000000	2.000000	1.000000	-7.628633	3.579643
16-07-2018	21:59:09	1.000000	2.000000	1.000000	6.290547	6.852952
16-07-2018	22:00:09	1.000000	2.000000	1.000000	9.506774	10.568297
16-07-2018	22:01:09	1.000000	2.000000	1.000000	-6.643934	14.203818
16-07-2018	22:02:09	1.000000	2.000000	1.000000	-5.875833	17.248891
16-07-2018	22:03:09	1.000000	2.000000	1.000000	9.240215	19.275787
16-07-2018	22:04:09	1.000000	2.000000	1.000000	-3.070578	19.999825
16-07-2018	22:05:09	1.000000	2.000000	1.000000	9.923540	19.319308
16-07-2018	22:06:09	1.000000	2.000000	1.000000	-4.572539	17.329829
16-07-2018	22:07:09	1.000000	2.000000	1.000000	4.480841	14.310813
16-07-2018	22:08:09	1.000000	2.000000	1.000000	2.972366	10.686289
16-07-2018	22:09:09	1.000000	2.000000	1.000000	3.852460	6.965423
16-07-2018	22:10:09	1.000000	2.000000	1.000000	-1.657387	3.670734
16-07-2018	22:11:09	1.000000	2.000000	1.000000	-7.844219	1.265050
16-07-2018	22:12:09	1.000000	2.000000	1.000000	-8.238553	0.086276
16-07-2018	22:13:09	1.000000	2.000000	1.000000	-4.048479	0.299973
16-07-2018	22:14:09	1.000000	2.000000	1.000000	0.637179	1.876112
16-07-2018	22:15:09	1.000000	2.000000	1.000000	-5.417591	4.593311
16-07-2018	22:16:09	1.000000	2.000000	1.000000	2.795939	8.069921
16-07-2018	22:17:09	1.000000	2.000000	1.000000	9.858681	11.817631
16-07-2018	22:18:09	1.000000	2.000000	1.000000	-7.792472	15.310042
16-07-2018	22:19:09	1.000000	2.000000	1.000000	-5.223623	18.056610
16-07-2018	22:20:09	1.000000	2.000000	1.000000	6.983841	19.671568
16-07-2018	22:21:09	1.000000	2.000000	1.000000	7.437954	19.928078
16-07-2018	22:22:09	1.000000	2.000000	1.000000	8.456307	18.790098
16-07-2018	22:23:09	1.000000	2.000000	1.000000	-6.588377	16.417478
16-07-2018	22:24:09	1.000000	2.000000	1.000000	-8.770834	13.143495
16-07-2018	22:25:09	1.000000	2.000000	1.000000	4.801946	9.427931
16-07-2018	22:26:09	1.000000	2.000000	1.000000	1.110465	5.792730
16-07-2018	22:27:09	1.000000	2.000000	1.000000	-8.987406	2.748485
16-07-2018	22:28:09	1.000000	2.000000	1.000000	9.775291	0.722791
16-07-2018	22:29:09	1.000000	2.000000	1.000000	-0.861058	0.000153
16-07-2018	22:30:09	1.000000	2.000000	1.000000	1.712636	0.682070
16-07-2018	22:31:09	1.000000	2.000000	1.000000	4.641052	2.672775
16-07-2018	22:32:09	1.000000	2.000000	1.000000	0.803827	5.692659
16-07-2018	22:33:09	1.000000	2.000000	1.000000	-1.108935	9.317548
16-07-2018	22:34:09	1.000000	2.000000	1.000000	-9.383644	13.038290
16-07-2018	22:35:09	1.000000	2.000000	1.000000	-5.204483	16.332261
16-07-2018	22:36:09	1.000000	2.000000	1.000000	5.631553	18.736822
16-07-2018	22:37:09	1.000000	2.000000	1.000000	4.956600	19.914226
16-07-2018	22:38:09	1.000000	2.000000	1.000000	4.397878	19.699100
16-07-2018	22:39:09	1.000000	2.000000	1.000000	-5.514271	18.121661
16-07-2018	22:40:09	1.000000	2.000000	1.000000	4.493151	15.403477
16-07-2018	22:41:09	1.000000	2.000000	1.000000	3.067712	11.926295
16-07-2018	22:42:09	1.000000	2.000000	1.000000	-2.216647	8.178592
16-07-2018	22:43:09	1.000000	2.000000	1.000000	6.253977	4.686733
16-07-2018	22:44:09	1.000000	2.000000	1.000000	-9.928145	1.941116
16-07-2018	22:45:09	1.000000	2.000000	1.000000	-5.119317	0.327455
16-07-2018	22:46:09	1.000000	2.000000	1.000000	7.532855	0.072383
16-07-2018	22:47:09	1.000000	2.000000	1.000000	-2.988794	1.211728
16-07-2018	22:48:09	1.000000	2.000000	1.000000	-1.428112	3.585451
16-07-2018	22:49:09	1.000000	2.000000	1.000000	-2.538576	6.860151
16-07-2018	22:50:09	1.000000	2.000000	1.000000	-5.322242	10.575845
16-07-2018	22:51:09	1.000000	2.000000	1.000000	4.889305	14.210697
16-07-2018	22:52:09	1.000000	2.000000	1.000000	-8.334848	17.254116
16-07-2018	22:53:09	1.000000	2.000000	1.000000	4.921839	19.278628
16-07-2018	22:54:09	1.000000	2.000000	1.000000	9.285733	19.999867
16-07-2018	22:55:09	1.000000	2.000000	1.000000	6.998479	19.316532
16-07-2018	22:56:09	1.000000	2.000000	1.000000	-5.046405	17.324620
16-07-2018	22:57:09	1.000000	2.000000	1.000000	-6.654114	14.303891
16-07-2018	22:58:09	1.000000	2.000000	1.000000	-4.907602	10.678641
16-07-2018	22:59:09	1.000000	2.000000	1.000000	8.685191	6.958103
16-07-2018	23:00:09	1.000000	2.000000	1.000000	0.660377	3.664816
16-07-2018	23:01:09	1.000000	2.000000	1.000000	5.470179	1.261341
16-07-2018	23:02:09	1.000000	2.000000	1.000000	7.988039	0.085279
16-07-2018	23:03:09	1.000000	2.000000	1.000000	6.912150	0.301824
16-07-2018	23:04:09	1.000000	2.000000	1.000000	2.847301	1.880550
16-07-2018	23:05:09	1.000000	2.000000	1.000000	8.389678	4.599707
16-07-2018	23:06:09	1.000000	2.000000	1.000000	0.213736	8.077400
16-07-2018	23:07:09	1.000000	2.000000	1.000000	-3.521564	11.825130
16-07-2018	23:08:09	1.000000	2.000000	1.000000	7.843099	15.316516
16-07-2018	23:09:09	1.000000	2.000000	1.000000	-0.043405	18.061140
16-07-2018	23:10:09	1.000000	2.000000	1.000000	-7.482946	19.673516
16-07-2018	23:11:09	1.000000	2.000000	1.000000	-3.900533	19.927156
16-07-2018	23:12:09	1.000000	2.000000	1.000000	6.226378	18.786437
16-07-2018	23:13:09	1.000000	2.000000	1.000000	-3.380783	16.411581
16-07-2018	23:14:09	1.000000	2.000000	1.000000	6.445382	13.136155
16-07-2018	23:15:09	1.000000	2.000000	1.000000	9.792883	9.420239
16-07-2018	23:16:09	1.000000	2.000000	1.000000	-0.840878	5.785746
16-07-2018	23:17:09	1.000000	2.000000	1.000000	-4.496584	2.743184
16-07-2018	23:18:09	1.000000	2.000000	1.000000	-6.936687	0.719911
16-07-2018	23:19:09	1.000000	2.000000	1.000000	8.568645	0.000113
16-07-2018	23:20:09	1.000000	2.000000	1.000000	3.663991	0.684871
16-07-2018	23:21:09	1.000000	2.000000	1.000000	-7.385593	2.678006
16-07-2018	23:22:09	1.000000	2.000000	1.000000	1.392993	5.699583
16-07-2018	23:23:09	1.000000	2.000000	1.000000	-6.088721	9.325187
16-07-2018	23:24:09	1.000000	2.000000	1.000000	9.984177	13.045583
16-07-2018	23:25:09	1.000000	2.000000	1.000000	-0.719336	16.338206
16-07-2018	23:26:09	1.000000	2.000000	1.000000	-5.944134	18.740566
16-07-2018	23:27:09	1.000000	2.000000	1.000000	-1.135297	19.915231
16-07-2018	23:28:09	1.000000	2.000000	1.000000	8.229804	19.697213
16-07-2018	23:29:09	1.000000	2.000000	1.000000	-8.204115	18.117128
16-07-2018	23:30:09	1.000000	2.000000	1.000000	3.599631	15.396918
16-07-2018	23:31:09	1.000000	2.000000	1.000000	-9.687448	11.918685
16-07-2018	23:32:09	1.000000	2.000000	1.000000	0.938057	8.170918
16-07-2018	23:33:09	1.000000	2.000000	1.000000	-5.634445	4.680107
16-07-2018	23:34:09	1.000000	2.000000	1.000000	2.179713	1.936511
16-07-2018	23:35:09	1.000000	2.000000	1.000000	-9.441940	0.325488
16-07-2018	23:36:09	1.000000	2.000000	1.000000	-6.119712	0.073315
16-07-2018	23:37:09	1.000000	2.000000	1.000000	7.130867	1.215427
16-07-2018	23:38:09	1.000000	2.000000	1.000000	7.353022	3.591400
16-07-2018	23:39:09	1.000000	2.000000	1.000000	-9.992957	6.867518
16-07-2018	23:40:09	1.000000	2.000000	1.000000	-0.010868	10.583618
16-07-2018	23:41:09	1.000000	2.000000	1.000000	2.449458	14.217739
16-07-2018	23:42:09	1.000000	2.000000	1.000000	-7.689958	17.259450
16-07-2018	23:43:09	1.000000	2.000000	1.000000	8.127533	19.281508
16-07-2018	23:44:09	1.000000	2.000000	1.000000	9.112750	19.999904
16-07-2018	23:45:09	1.000000	2.000000	1.000000	9.384347	19.313727
16-07-2018	23:46:09	1.000000	2.000000	1.000000	5.650559	17.319348
16-07-2018	23:47:09	1.000000	2.000000	1.000000	4.015754	14.296887
16-07-2018	23:48:09	1.000000	2.000000	1.000000	5.993227	10.670914
16-07-2018	23:49:09	1.000000	2.000000	1.000000	-4.062135	6.950712
16-07-2018	23:50:09	1.000000	2.000000	1.000000	-1.925106	3.658801
16-07-2018	23:51:09	1.000000	2.000000	1.000000	8.679649	1.257567
16-07-2018	23:52:09	1.000000	2.000000	1.000000	6.881181	0.084271
16-07-2018	23:53:09	1.000000	2.000000	1.000000	9.382555	0.303718
16-07-2018	23:54:09	1.000000	2.000000	1.000000	4.703116	1.885080
16-07-2018	23:55:09	1.000000	2.000000	1.000000	-3.708998	4.606248
16-07-2018	23:56:09	1.000000	2.000000	1.000000	3.486864	8.085018
16-07-2018	23:57:09	1.000000	2.000000	1.000000	8.730733	11.832754
16-07-2018	23:58:09	1.000000	2.000000	1.000000	-3.503091	15.323071
16-07-2018	23:59:09	1.000000	2.000000	1.000000	1.203482	18.065705