fecha	hora	mi variable 1	mi variable 2	variable constante 1	variable aleatoria 1	mi variable sinusoidal 1
17-07-2018	00:00:09	1.000000	2.000000	1.000000	0.845221	19.675464
17-07-2018	00:01:09	1.000000	2.000000	1.000000	-3.579154	19.926225
17-07-2018	00:02:09	1.000000	2.000000	1.000000	2.229001	18.782767
17-07-2018	00:03:09	1.000000	2.000000	1.000000	1.012038	16.405682
17-07-2018	00:04:09	1.000000	2.000000	1.000000	-9.690632	13.128861
17-07-2018	00:05:09	1.000000	2.000000	1.000000	-0.497822	9.412585
17-07-2018	00:06:09	1.000000	2.000000	1.000000	-2.664959	5.778796
17-07-2018	00:07:09	1.000000	2.000000	1.000000	-3.716079	2.737924
17-07-2018	00:08:09	1.000000	2.000000	1.000000	8.668044	0.717068
17-07-2018	00:09:09	1.000000	2.000000	1.000000	8.195922	0.000080
17-07-2018	00:10:09	1.000000	2.000000	1.000000	-5.418750	0.687664
17-07-2018	00:11:09	1.000000	2.000000	1.000000	-4.891572	2.683231
17-07-2018	00:12:09	1.000000	2.000000	1.000000	7.808922	5.706497
17-07-2018	00:13:09	1.000000	2.000000	1.000000	8.275452	9.332844
17-07-2018	00:14:09	1.000000	2.000000	1.000000	-1.963180	13.052900
17-07-2018	00:15:09	1.000000	2.000000	1.000000	-5.227247	16.344149
17-07-2018	00:16:09	1.000000	2.000000	1.000000	4.687991	18.744299
17-07-2018	00:17:09	1.000000	2.000000	1.000000	-7.611711	19.916227
17-07-2018	00:18:09	1.000000	2.000000	1.000000	5.911051	19.695334
17-07-2018	00:19:09	1.000000	2.000000	1.000000	3.221324	18.112648
17-07-2018	00:20:09	1.000000	2.000000	1.000000	-4.147870	15.390470
17-07-2018	00:21:09	1.000000	2.000000	1.000000	-3.276478	11.911159
17-07-2018	00:22:09	1.000000	2.000000	1.000000	1.981208	8.163394
17-07-2018	00:23:09	1.000000	2.000000	1.000000	1.897762	4.673608
17-07-2018	00:24:09	1.000000	2.000000	1.000000	8.468354	1.931955
17-07-2018	00:25:09	1.000000	2.000000	1.000000	6.741759	0.323538
17-07-2018	00:26:09	1.000000	2.000000	1.000000	6.274294	0.074254
17-07-2018	00:27:09	1.000000	2.000000	1.000000	3.466239	1.219121
17-07-2018	00:28:09	1.000000	2.000000	1.000000	1.441617	3.597339
17-07-2018	00:29:09	1.000000	2.000000	1.000000	-4.694778	6.874861
17-07-2018	00:30:09	1.000000	2.000000	1.000000	7.996744	10.591322
17-07-2018	00:31:09	1.000000	2.000000	1.000000	1.991911	14.224740
17-07-2018	00:32:09	1.000000	2.000000	1.000000	-2.912359	17.264753
17-07-2018	00:33:09	1.000000	2.000000	1.000000	1.290723	19.284377
17-07-2018	00:34:09	1.000000	2.000000	1.000000	-8.536880	19.999935
17-07-2018	00:35:09	1.000000	2.000000	1.000000	0.691666	19.310923
17-07-2018	00:36:09	1.000000	2.000000	1.000000	-0.432968	17.314120
17-07-2018	00:37:09	1.000000	2.000000	1.000000	-9.852880	14.289980
17-07-2018	00:38:09	1.000000	2.000000	1.000000	-1.110901	10.663297
17-07-2018	00:39:09	1.000000	2.000000	1.000000	2.302522	6.943456
17-07-2018	00:40:09	1.000000	2.000000	1.000000	8.054311	3.652915
17-07-2018	00:41:09	1.000000	2.000000	1.000000	5.830411	1.253865
17-07-2018	00:42:09	1.000000	2.000000	1.000000	4.708793	0.083284
17-07-2018	00:43:09	1.000000	2.000000	1.000000	2.911979	0.305597
17-07-2018	00:44:09	1.000000	2.000000	1.000000	-2.230334	1.889572
17-07-2018	00:45:09	1.000000	2.000000	1.000000	7.530316	4.612726
17-07-2018	00:46:09	1.000000	2.000000	1.000000	-3.322762	8.092571
17-07-2018	00:47:09	1.000000	2.000000	1.000000	6.484212	11.840346
17-07-2018	00:48:09	1.000000	2.000000	1.000000	9.755946	15.329636
17-07-2018	00:49:09	1.000000	2.000000	1.000000	-3.812264	18.070293
17-07-2018	00:50:09	1.000000	2.000000	1.000000	-3.208759	19.677427
17-07-2018	00:51:09	1.000000	2.000000	1.000000	8.461835	19.925278
17-07-2018	00:52:09	1.000000	2.000000	1.000000	1.658436	18.779030
17-07-2018	00:53:09	1.000000	2.000000	1.000000	-1.616118	16.399691
17-07-2018	00:54:09	1.000000	2.000000	1.000000	5.096711	13.121446
17-07-2018	00:55:09	1.000000	2.000000	1.000000	7.210418	9.404776
17-07-2018	00:56:09	1.000000	2.000000	1.000000	0.207536	5.771704
17-07-2018	00:57:09	1.000000	2.000000	1.000000	-4.995281	2.732547
17-07-2018	00:58:09	1.000000	2.000000	1.000000	-7.082661	0.714170
17-07-2018	00:59:09	1.000000	2.000000	1.000000	-6.798052	0.000052
17-07-2018	01:00:09	1.000000	2.000000	1.000000	-8.580492	0.690508
17-07-2018	01:01:09	1.000000	2.000000	1.000000	-8.561764	2.688543
17-07-2018	01:02:09	1.000000	2.000000	1.000000	4.352065	5.713568
17-07-2018	01:03:09	1.000000	2.000000	1.000000	-8.834681	9.340658
17-07-2018	01:04:09	1.000000	2.000000	1.000000	8.602652	13.060358
17-07-2018	01:05:09	1.000000	2.000000	1.000000	8.115059	16.350197
17-07-2018	01:06:09	1.000000	2.000000	1.000000	9.995102	18.748093
17-07-2018	01:07:09	1.000000	2.000000	1.000000	-4.669623	19.917237
17-07-2018	01:08:09	1.000000	2.000000	1.000000	-7.793799	19.693410
17-07-2018	01:09:09	1.000000	2.000000	1.000000	4.798216	18.108052
17-07-2018	01:10:09	1.000000	2.000000	1.000000	-1.155586	15.383839
17-07-2018	01:11:09	1.000000	2.000000	1.000000	4.231591	11.903420
17-07-2018	01:12:09	1.000000	2.000000	1.000000	3.276439	8.155644
17-07-2018	01:13:09	1.000000	2.000000	1.000000	2.040382	4.666928
17-07-2018	01:14:09	1.000000	2.000000	1.000000	9.492629	1.927292
17-07-2018	01:15:09	1.000000	2.000000	1.000000	8.290455	0.321542
17-07-2018	01:16:09	1.000000	2.000000	1.000000	6.027120	0.075221
17-07-2018	01:17:09	1.000000	2.000000	1.000000	-2.080161	1.222922
17-07-2018	01:18:09	1.000000	2.000000	1.000000	-7.729853	3.603447
17-07-2018	01:19:09	1.000000	2.000000	1.000000	7.454771	6.882409
17-07-2018	01:20:09	1.000000	2.000000	1.000000	0.637242	10.599255
17-07-2018	01:21:09	1.000000	2.000000	1.000000	7.429358	14.231935
17-07-2018	01:22:09	1.000000	2.000000	1.000000	-8.498158	17.270205
17-07-2018	01:23:09	1.000000	2.000000	1.000000	5.025485	19.287330
17-07-2018	01:24:09	1.000000	2.000000	1.000000	3.276721	19.999961
17-07-2018	01:25:09	1.000000	2.000000	1.000000	5.365220	19.308000
17-07-2018	01:26:09	1.000000	2.000000	1.000000	-6.586837	17.308654
17-07-2018	01:27:09	1.000000	2.000000	1.000000	-3.855391	14.282739
17-07-2018	01:28:09	1.000000	2.000000	1.000000	9.290014	10.655290
17-07-2018	01:29:09	1.000000	2.000000	1.000000	1.921092	6.935789
17-07-2018	01:30:09	1.000000	2.000000	1.000000	-7.165085	3.646677
17-07-2018	01:31:09	1.000000	2.000000	1.000000	9.446560	1.249951
17-07-2018	01:32:09	1.000000	2.000000	1.000000	-8.271491	0.082252
17-07-2018	01:33:09	1.000000	2.000000	1.000000	-8.647735	0.307572
17-07-2018	01:34:09	1.000000	2.000000	1.000000	-4.031037	1.894285
17-07-2018	01:35:09	1.000000	2.000000	1.000000	-2.725678	4.619523
17-07-2018	01:36:09	1.000000	2.000000	1.000000	9.317149	8.100500
17-07-2018	01:37:09	1.000000	2.000000	1.000000	-4.672148	11.848280
17-07-2018	01:38:09	1.000000	2.000000	1.000000	6.873779	15.336448
17-07-2018	01:39:09	1.000000	2.000000	1.000000	5.798453	18.075050
17-07-2018	01:40:09	1.000000	2.000000	1.000000	-5.247653	19.679452
17-07-2018	01:41:09	1.000000	2.000000	1.000000	-7.981371	19.924296
17-07-2018	01:42:09	1.000000	2.000000	1.000000	-6.453629	18.775182
17-07-2018	01:43:09	1.000000	2.000000	1.000000	-7.879918	16.393512
17-07-2018	01:44:09	1.000000	2.000000	1.000000	-9.194378	13.113811
17-07-2018	01:45:09	1.000000	2.000000	1.000000	3.696758	9.396748
17-07-2018	01:46:09	1.000000	2.000000	1.000000	9.084880	5.764422
17-07-2018	01:47:09	1.000000	2.000000	1.000000	2.474581	2.727025
17-07-2018	01:48:09	1.000000	2.000000	1.000000	8.872313	0.711189
17-07-2018	01:49:09	1.000000	2.000000	1.000000	-7.027465	0.000029
17-07-2018	01:50:09	1.000000	2.000000	1.000000	3.302038	0.693455
17-07-2018	01:51:09	1.000000	2.000000	1.000000	4.853697	2.694061
17-07-2018	01:52:09	1.000000	2.000000	1.000000	0.617615	5.720862
17-07-2018	01:53:09	1.000000	2.000000	1.000000	3.811452	9.348709
17-07-2018	01:54:09	1.000000	2.000000	1.000000	-3.191618	13.068029
17-07-2018	01:55:09	1.000000	2.000000	1.000000	-1.668945	16.356413
17-07-2018	01:56:09	1.000000	2.000000	1.000000	8.589994	18.751967
17-07-2018	01:57:09	1.000000	2.000000	1.000000	-4.802313	19.918259
17-07-2018	01:58:09	1.000000	2.000000	1.000000	4.639898	19.691443
17-07-2018	01:59:09	1.000000	2.000000	1.000000	8.796430	18.103380
17-07-2018	02:00:09	1.000000	2.000000	1.000000	-4.509944	15.377117
17-07-2018	02:01:09	1.000000	2.000000	1.000000	9.266837	11.895611
17-07-2018	02:02:09	1.000000	2.000000	1.000000	8.848219	8.147859
17-07-2018	02:03:09	1.000000	2.000000	1.000000	-9.685560	4.660243
17-07-2018	02:04:09	1.000000	2.000000	1.000000	-5.161288	1.922641
17-07-2018	02:05:09	1.000000	2.000000	1.000000	3.555464	0.319565
17-07-2018	02:06:09	1.000000	2.000000	1.000000	7.114740	0.076185
17-07-2018	02:07:09	1.000000	2.000000	1.000000	3.542984	1.226680
17-07-2018	02:08:09	1.000000	2.000000	1.000000	5.252633	3.609471
17-07-2018	02:09:09	1.000000	2.000000	1.000000	7.624970	6.889876
17-07-2018	02:10:09	1.000000	2.000000	1.000000	0.668814	10.607127
17-07-2018	02:11:09	1.000000	2.000000	1.000000	-4.294377	14.239090
17-07-2018	02:12:09	1.000000	2.000000	1.000000	2.898151	17.275647
17-07-2018	02:13:09	1.000000	2.000000	1.000000	0.692174	19.290266
17-07-2018	02:14:09	1.000000	2.000000	1.000000	-6.341160	19.999980
17-07-2018	02:15:09	1.000000	2.000000	1.000000	-6.814791	19.305102
17-07-2018	02:16:09	1.000000	2.000000	1.000000	-9.006383	17.303235
17-07-2018	02:17:09	1.000000	2.000000	1.000000	-3.011595	14.275559
17-07-2018	02:18:09	1.000000	2.000000	1.000000	-9.766755	10.647349
17-07-2018	02:19:09	1.000000	2.000000	1.000000	-3.722646	6.928207
17-07-2018	02:20:09	1.000000	2.000000	1.000000	-5.314533	3.640547
17-07-2018	02:21:09	1.000000	2.000000	1.000000	6.848432	1.246108
17-07-2018	02:22:09	1.000000	2.000000	1.000000	-2.034844	0.081238
17-07-2018	02:23:09	1.000000	2.000000	1.000000	-1.880344	0.309528
17-07-2018	02:24:09	1.000000	2.000000	1.000000	3.246569	1.898913
17-07-2018	02:25:09	1.000000	2.000000	1.000000	-0.821888	4.626164
17-07-2018	02:26:09	1.000000	2.000000	1.000000	-0.766608	8.108233
17-07-2018	02:27:09	1.000000	2.000000	1.000000	-2.270956	11.856014
17-07-2018	02:28:09	1.000000	2.000000	1.000000	-3.768388	15.343097
17-07-2018	02:29:09	1.000000	2.000000	1.000000	0.805947	18.079698
17-07-2018	02:30:09	1.000000	2.000000	1.000000	-6.284830	19.681432
17-07-2018	02:31:09	1.000000	2.000000	1.000000	7.052047	19.923323
17-07-2018	02:32:09	1.000000	2.000000	1.000000	-3.518654	18.771396
17-07-2018	02:33:09	1.000000	2.000000	1.000000	1.168651	16.387437
17-07-2018	02:34:09	1.000000	2.000000	1.000000	-9.378630	13.106341
17-07-2018	02:35:09	1.000000	2.000000	1.000000	1.082540	9.388903
17-07-2018	02:36:09	1.000000	2.000000	1.000000	4.902174	5.757314
17-07-2018	02:37:09	1.000000	2.000000	1.000000	9.877257	2.721630
17-07-2018	02:38:09	1.000000	2.000000	1.000000	1.835958	0.708272
17-07-2018	02:39:09	1.000000	2.000000	1.000000	-3.841036	0.000013
17-07-2018	02:40:09	1.000000	2.000000	1.000000	7.685161	0.696341
17-07-2018	02:41:09	1.000000	2.000000	1.000000	-1.910416	2.699455
17-07-2018	02:42:09	1.000000	2.000000	1.000000	5.873775	5.727966
17-07-2018	02:43:09	1.000000	2.000000	1.000000	7.498282	9.356516
17-07-2018	02:44:09	1.000000	2.000000	1.000000	-3.999867	13.075459
17-07-2018	02:45:09	1.000000	2.000000	1.000000	-7.740841	16.362435
17-07-2018	02:46:09	1.000000	2.000000	1.000000	3.434270	18.755752
17-07-2018	02:47:09	1.000000	2.000000	1.000000	-2.731550	19.919257
17-07-2018	02:48:09	1.000000	2.000000	1.000000	9.602717	19.689516
17-07-2018	02:49:09	1.000000	2.000000	1.000000	-5.102549	18.098810
17-07-2018	02:50:09	1.000000	2.000000	1.000000	3.719785	15.370557
17-07-2018	02:51:09	1.000000	2.000000	1.000000	-4.955352	11.887969
17-07-2018	02:52:09	1.000000	2.000000	1.000000	3.510937	8.140206
17-07-2018	02:53:09	1.000000	2.000000	1.000000	7.683332	4.653677
17-07-2018	02:54:09	1.000000	2.000000	1.000000	9.096638	1.918059
17-07-2018	02:55:09	1.000000	2.000000	1.000000	0.508594	0.317622
17-07-2018	02:56:09	1.000000	2.000000	1.000000	7.685218	0.077148
17-07-2018	02:57:09	1.000000	2.000000	1.000000	-3.524025	1.230414
17-07-2018	02:58:09	1.000000	2.000000	1.000000	-0.195171	3.615440
17-07-2018	02:59:09	1.000000	2.000000	1.000000	-5.294605	6.897231
17-07-2018	03:00:09	1.000000	2.000000	1.000000	8.419837	10.614846
17-07-2018	03:01:09	1.000000	2.000000	1.000000	1.790248	14.246093
17-07-2018	03:02:09	1.000000	2.000000	1.000000	-3.167540	17.280923
17-07-2018	03:03:09	1.000000	2.000000	1.000000	4.196731	19.293101
17-07-2018	03:04:09	1.000000	2.000000	1.000000	-3.629187	19.999992
17-07-2018	03:05:09	1.000000	2.000000	1.000000	-7.115081	19.302305
17-07-2018	03:06:09	1.000000	2.000000	1.000000	-5.984491	17.298024
17-07-2018	03:07:09	1.000000	2.000000	1.000000	6.438467	14.268669
17-07-2018	03:08:09	1.000000	2.000000	1.000000	-1.569830	10.639735
17-07-2018	03:09:09	1.000000	2.000000	1.000000	5.600301	6.920953
17-07-2018	03:10:09	1.000000	2.000000	1.000000	6.715076	3.634644
17-07-2018	03:11:09	1.000000	2.000000	1.000000	9.944051	1.242409
17-07-2018	03:12:09	1.000000	2.000000	1.000000	-4.212537	0.080261
17-07-2018	03:13:09	1.000000	2.000000	1.000000	-7.157826	0.311434
17-07-2018	03:14:09	1.000000	2.000000	1.000000	-4.117534	1.903458
17-07-2018	03:15:09	1.000000	2.000000	1.000000	-3.159584	4.632714
17-07-2018	03:16:09	1.000000	2.000000	1.000000	-8.088288	8.115860
17-07-2018	03:17:09	1.000000	2.000000	1.000000	-8.242496	11.863650
17-07-2018	03:18:09	1.000000	2.000000	1.000000	4.873824	15.349677
17-07-2018	03:19:09	1.000000	2.000000	1.000000	2.395452	18.084282
17-07-2018	03:20:09	1.000000	2.000000	1.000000	2.708032	19.683379
17-07-2018	03:21:09	1.000000	2.000000	1.000000	0.498273	19.922355
17-07-2018	03:22:09	1.000000	2.000000	1.000000	-6.172675	18.767665
17-07-2018	03:23:09	1.000000	2.000000	1.000000	4.769365	16.381500
17-07-2018	03:24:09	1.000000	2.000000	1.000000	2.546412	13.098975
17-07-2018	03:25:09	1.000000	2.000000	1.000000	1.680322	9.381169
17-07-2018	03:26:09	1.000000	2.000000	1.000000	9.314900	5.750282
17-07-2018	03:27:09	1.000000	2.000000	1.000000	1.643519	2.716314
17-07-2018	03:28:09	1.000000	2.000000	1.000000	-8.342444	0.705411
17-07-2018	03:29:09	1.000000	2.000000	1.000000	-0.075898	0.000004
17-07-2018	03:30:09	1.000000	2.000000	1.000000	8.979739	0.699188
17-07-2018	03:31:09	1.000000	2.000000	1.000000	-4.149403	2.704737
17-07-2018	03:32:09	1.000000	2.000000	1.000000	-7.844811	5.734972
17-07-2018	03:33:09	1.000000	2.000000	1.000000	1.027120	9.364282
17-07-2018	03:34:09	1.000000	2.000000	1.000000	8.801068	13.082883
17-07-2018	03:35:09	1.000000	2.000000	1.000000	-3.974557	16.368458
17-07-2018	03:36:09	1.000000	2.000000	1.000000	8.703482	18.759532
17-07-2018	03:37:09	1.000000	2.000000	1.000000	-4.879303	19.920247
17-07-2018	03:38:09	1.000000	2.000000	1.000000	1.652757	19.687571
17-07-2018	03:39:09	1.000000	2.000000	1.000000	-4.094128	18.094204
17-07-2018	03:40:09	1.000000	2.000000	1.000000	-6.447638	15.363951
17-07-2018	03:41:09	1.000000	2.000000	1.000000	-1.843793	11.880292
17-07-2018	03:42:09	1.000000	2.000000	1.000000	-2.781986	8.132540
17-07-2018	03:43:09	1.000000	2.000000	1.000000	-5.030461	4.647060
17-07-2018	03:44:09	1.000000	2.000000	1.000000	-0.283058	1.913441
17-07-2018	03:45:09	1.000000	2.000000	1.000000	3.534358	0.315655
17-07-2018	03:46:09	1.000000	2.000000	1.000000	-9.802813	0.078128
17-07-2018	03:47:09	1.000000	2.000000	1.000000	-5.283624	1.234202
17-07-2018	03:48:09	1.000000	2.000000	1.000000	-7.982650	3.621498
17-07-2018	03:49:09	1.000000	2.000000	1.000000	1.337556	6.904705
17-07-2018	03:50:09	1.000000	2.000000	1.000000	-0.006983	10.622693
17-07-2018	03:51:09	1.000000	2.000000	1.000000	8.705423	14.253208
17-07-2018	03:52:09	1.000000	2.000000	1.000000	-4.184117	17.286328
17-07-2018	03:53:09	1.000000	2.000000	1.000000	7.251920	19.296020
17-07-2018	03:54:09	1.000000	2.000000	1.000000	-1.214096	19.999999
17-07-2018	03:55:09	1.000000	2.000000	1.000000	3.278909	19.299394
17-07-2018	03:56:09	1.000000	2.000000	1.000000	0.487310	17.292614
17-07-2018	03:57:09	1.000000	2.000000	1.000000	-8.101294	14.261523
17-07-2018	03:58:09	1.000000	2.000000	1.000000	2.982492	10.631862
17-07-2018	03:59:09	1.000000	2.000000	1.000000	0.850142	6.913460
17-07-2018	04:00:09	1.000000	2.000000	1.000000	7.917125	3.628595
17-07-2018	04:01:09	1.000000	2.000000	1.000000	0.660825	1.238634
17-07-2018	04:02:09	1.000000	2.000000	1.000000	-5.810404	0.079280
17-07-2018	04:03:09	1.000000	2.000000	1.000000	-3.852675	0.313352
17-07-2018	04:04:09	1.000000	2.000000	1.000000	7.173433	1.907981
17-07-2018	04:05:09	1.000000	2.000000	1.000000	1.346349	4.639203
17-07-2018	04:06:09	1.000000	2.000000	1.000000	-0.300717	8.123391
17-07-2018	04:07:09	1.000000	2.000000	1.000000	0.092529	11.871164
17-07-2018	04:08:09	1.000000	2.000000	1.000000	7.542674	15.356119
17-07-2018	04:09:09	1.000000	2.000000	1.000000	0.399809	18.088757
17-07-2018	04:10:09	1.000000	2.000000	1.000000	2.625607	19.685267
17-07-2018	04:11:09	1.000000	2.000000	1.000000	6.935608	19.921416
17-07-2018	04:12:09	1.000000	2.000000	1.000000	-0.184213	18.764028
17-07-2018	04:13:09	1.000000	2.000000	1.000000	0.778049	16.375676
17-07-2018	04:14:09	1.000000	2.000000	1.000000	-5.525053	13.091805
17-07-2018	04:15:09	1.000000	2.000000	1.000000	6.495246	9.373685
17-07-2018	04:16:09	1.000000	2.000000	1.000000	7.493827	5.743528
17-07-2018	04:17:09	1.000000	2.000000	1.000000	-0.345684	2.711223
17-07-2018	04:18:09	1.000000	2.000000	1.000000	-2.307445	0.702676
17-07-2018	04:19:09	1.000000	2.000000	1.000000	2.920312	0.000000
17-07-2018	04:20:09	1.000000	2.000000	1.000000	-5.066931	0.701891
17-07-2018	04:21:09	1.000000	2.000000	1.000000	-9.387767	2.709770
17-07-2018	04:22:09	1.000000	2.000000	1.000000	-1.661307	5.741612
17-07-2018	04:23:09	1.000000	2.000000	1.000000	-8.863377	9.371592
17-07-2018	04:24:09	1.000000	2.000000	1.000000	8.861547	13.089834
17-07-2018	04:25:09	1.000000	2.000000	1.000000	0.296456	16.374084
17-07-2018	04:26:09	1.000000	2.000000	1.000000	-7.070461	18.763038
17-07-2018	04:27:09	1.000000	2.000000	1.000000	-5.160844	19.921161
17-07-2018	04:28:09	1.000000	2.000000	1.000000	-8.006812	19.685761
17-07-2018	04:29:09	1.000000	2.000000	1.000000	5.605371	18.089903
17-07-2018	04:30:09	1.000000	2.000000	1.000000	5.381017	15.357747
17-07-2018	04:31:09	1.000000	2.000000	1.000000	6.985608	11.873073
17-07-2018	04:32:09	1.000000	2.000000	1.000000	-3.942694	8.125286
17-07-2018	04:33:09	1.000000	2.000000	1.000000	-2.962400	4.640822
17-07-2018	04:34:09	1.000000	2.000000	1.000000	7.955594	1.909097
17-07-2018	04:35:09	1.000000	2.000000	1.000000	6.822455	0.313818
17-07-2018	04:36:09	1.000000	2.000000	1.000000	0.006493	0.079049
17-07-2018	04:37:09	1.000000	2.000000	1.000000	8.633432	1.237761
17-07-2018	04:38:09	1.000000	2.000000	1.000000	0.099500	3.627202
17-07-2018	04:39:09	1.000000	2.000000	1.000000	-0.678919	6.911769
17-07-2018	04:40:09	1.000000	2.000000	1.000000	-6.174018	10.630111
17-07-2018	04:41:09	1.000000	2.000000	1.000000	8.625992	14.259950
17-07-2018	04:42:09	1.000000	2.000000	1.000000	1.022608	17.291415
17-07-2018	04:43:09	1.000000	2.000000	1.000000	-2.557991	19.298743
17-07-2018	04:44:09	1.000000	2.000000	1.000000	-7.574285	20.000000
17-07-2018	04:45:09	1.000000	2.000000	1.000000	-2.240829	19.296685
17-07-2018	04:46:09	1.000000	2.000000	1.000000	0.551842	17.287582
17-07-2018	04:47:09	1.000000	2.000000	1.000000	-1.712201	14.254879
17-07-2018	04:48:09	1.000000	2.000000	1.000000	-6.687349	10.624539
17-07-2018	04:49:09	1.000000	2.000000	1.000000	5.129915	6.906486
17-07-2018	04:50:09	1.000000	2.000000	1.000000	2.671342	3.622959
17-07-2018	04:51:09	1.000000	2.000000	1.000000	0.827934	1.235116
17-07-2018	04:52:09	1.000000	2.000000	1.000000	3.402930	0.078362
17-07-2018	04:53:09	1.000000	2.000000	1.000000	2.736322	0.315187
17-07-2018	04:54:09	1.000000	2.000000	1.000000	-6.061794	1.912318
17-07-2018	04:55:09	1.000000	2.000000	1.000000	-7.585457	4.645445
17-07-2018	04:56:09	1.000000	2.000000	1.000000	-8.037935	8.130663
17-07-2018	04:57:09	1.000000	2.000000	1.000000	-6.411369	11.878451
17-07-2018	04:58:09	1.000000	2.000000	1.000000	-6.340593	15.362388
17-07-2018	04:59:09	1.000000	2.000000	1.000000	-7.610871	18.093131
17-07-2018	05:00:09	1.000000	2.000000	1.000000	1.084438	19.687118
17-07-2018	05:01:09	1.000000	2.000000	1.000000	1.613962	19.920480
17-07-2018	05:02:09	1.000000	2.000000	1.000000	-0.599876	18.760442
17-07-2018	05:03:09	1.000000	2.000000	1.000000	1.503736	16.369934
17-07-2018	05:04:09	1.000000	2.000000	1.000000	-4.065127	13.084723
17-07-2018	05:05:09	1.000000	2.000000	1.000000	-8.104040	9.366226
17-07-2018	05:06:09	1.000000	2.000000	1.000000	-3.170699	5.736757
17-07-2018	05:07:09	1.000000	2.000000	1.000000	-2.959004	2.706096
17-07-2018	05:08:09	1.000000	2.000000	1.000000	-0.079451	0.699913
17-07-2018	05:09:09	1.000000	2.000000	1.000000	4.946418	0.000002
17-07-2018	05:10:09	1.000000	2.000000	1.000000	9.754498	0.704675
17-07-2018	05:11:09	1.000000	2.000000	1.000000	-6.640801	2.714953
17-07-2018	05:12:09	1.000000	2.000000	1.000000	-8.312631	5.748448
17-07-2018	05:13:09	1.000000	2.000000	1.000000	-8.290471	9.379127
17-07-2018	05:14:09	1.000000	2.000000	1.000000	6.319903	13.097001
17-07-2018	05:15:09	1.000000	2.000000	1.000000	8.174259	16.379871
17-07-2018	05:16:09	1.000000	2.000000	1.000000	0.508109	18.766653
17-07-2018	05:17:09	1.000000	2.000000	1.000000	1.016214	19.922094
17-07-2018	05:18:09	1.000000	2.000000	1.000000	2.824755	19.683910
17-07-2018	05:19:09	1.000000	2.000000	1.000000	-5.794467	18.085543
17-07-2018	05:20:09	1.000000	2.000000	1.000000	6.595664	15.351484
17-07-2018	05:21:09	1.000000	2.000000	1.000000	2.892549	11.865758
17-07-2018	05:22:09	1.000000	2.000000	1.000000	9.932080	8.117974
17-07-2018	05:23:09	1.000000	2.000000	1.000000	0.171521	4.634528
17-07-2018	05:24:09	1.000000	2.000000	1.000000	7.355251	1.904735
17-07-2018	05:25:09	1.000000	2.000000	1.000000	-4.668896	0.311980
17-07-2018	05:26:09	1.000000	2.000000	1.000000	-1.290415	0.079982
17-07-2018	05:27:09	1.000000	2.000000	1.000000	1.634415	1.241339
17-07-2018	05:28:09	1.000000	2.000000	1.000000	-1.175669	3.632933
17-07-2018	05:29:09	1.000000	2.000000	1.000000	4.578954	6.918837
17-07-2018	05:30:09	1.000000	2.000000	1.000000	-9.061593	10.637523
17-07-2018	05:31:09	1.000000	2.000000	1.000000	1.689790	14.266663
17-07-2018	05:32:09	1.000000	2.000000	1.000000	9.505165	17.296498
17-07-2018	05:33:09	1.000000	2.000000	1.000000	-4.690808	19.301472
17-07-2018	05:34:09	1.000000	2.000000	1.000000	2.913456	19.999995
17-07-2018	05:35:09	1.000000	2.000000	1.000000	-1.461863	19.293938
17-07-2018	05:36:09	1.000000	2.000000	1.000000	9.542827	17.282460
17-07-2018	05:37:09	1.000000	2.000000	1.000000	0.889148	14.248100
17-07-2018	05:38:09	1.000000	2.000000	1.000000	-3.154920	10.617073
17-07-2018	05:39:09	1.000000	2.000000	1.000000	1.869541	6.899348
17-07-2018	05:40:09	1.000000	2.000000	1.000000	5.357127	3.617139
17-07-2018	05:41:09	1.000000	2.000000	1.000000	5.312307	1.231462
17-07-2018	05:42:09	1.000000	2.000000	1.000000	-3.971725	0.077413
17-07-2018	05:43:09	1.000000	2.000000	1.000000	-4.230142	0.317087
17-07-2018	05:44:09	1.000000	2.000000	1.000000	-5.866782	1.916800
17-07-2018	05:45:09	1.000000	2.000000	1.000000	6.775887	4.651867
17-07-2018	05:46:09	1.000000	2.000000	1.000000	3.458111	8.138143
17-07-2018	05:47:09	1.000000	2.000000	1.000000	-3.447335	11.885937
17-07-2018	05:48:09	1.000000	2.000000	1.000000	9.485870	15.368826
17-07-2018	05:49:09	1.000000	2.000000	1.000000	-8.041171	18.097599
17-07-2018	05:50:09	1.000000	2.000000	1.000000	-3.634863	19.689007
17-07-2018	05:51:09	1.000000	2.000000	1.000000	-3.454683	19.919516
17-07-2018	05:52:09	1.000000	2.000000	1.000000	-3.088596	18.756750
17-07-2018	05:53:09	1.000000	2.000000	1.000000	-9.334183	16.364030
17-07-2018	05:54:09	1.000000	2.000000	1.000000	-5.501570	13.077435
17-07-2018	05:55:09	1.000000	2.000000	1.000000	-5.589400	9.358571
17-07-2018	05:56:09	1.000000	2.000000	1.000000	6.089337	5.729809
17-07-2018	05:57:09	1.000000	2.000000	1.000000	-8.308940	2.700845
17-07-2018	05:58:09	1.000000	2.000000	1.000000	-7.125473	0.697087
17-07-2018	05:59:09	1.000000	2.000000	1.000000	-2.491888	0.000010
17-07-2018	06:00:09	1.000000	2.000000	1.000000	-3.365038	0.707502
17-07-2018	06:01:09	1.000000	2.000000	1.000000	5.404906	2.720213
17-07-2018	06:02:09	1.000000	2.000000	1.000000	1.195200	5.755362
17-07-2018	06:03:09	1.000000	2.000000	1.000000	5.559961	9.386723
17-07-2018	06:04:09	1.000000	2.000000	1.000000	-8.623839	13.104194
17-07-2018	06:05:09	1.000000	2.000000	1.000000	-9.220526	16.385687
17-07-2018	06:06:09	1.000000	2.000000	1.000000	-3.642976	18.770279
17-07-2018	06:07:09	1.000000	2.000000	1.000000	3.211495	19.923032
17-07-2018	06:08:09	1.000000	2.000000	1.000000	-2.271343	19.682021
17-07-2018	06:09:09	1.000000	2.000000	1.000000	5.337808	18.081088
17-07-2018	06:10:09	1.000000	2.000000	1.000000	-4.357245	15.345109
17-07-2018	06:11:09	1.000000	2.000000	1.000000	-4.413662	11.858356
17-07-2018	06:12:09	1.000000	2.000000	1.000000	8.928047	8.110607
17-07-2018	06:13:09	1.000000	2.000000	1.000000	7.255064	4.628206
17-07-2018	06:14:09	1.000000	2.000000	1.000000	1.292816	1.900312
17-07-2018	06:15:09	1.000000	2.000000	1.000000	9.221655	0.310115
17-07-2018	06:16:09	1.000000	2.000000	1.000000	1.688780	0.080939
17-07-2018	06:17:09	1.000000	2.000000	1.000000	-8.000821	1.244990
17-07-2018	06:18:09	1.000000	2.000000	1.000000	-8.041703	3.638766
17-07-2018	06:19:09	1.000000	2.000000	1.000000	-9.204646	6.926022
17-07-2018	06:20:09	1.000000	2.000000	1.000000	-8.763104	10.645046
17-07-2018	06:21:09	1.000000	2.000000	1.000000	7.598032	14.273462
17-07-2018	06:22:09	1.000000	2.000000	1.000000	-2.780521	17.301648
17-07-2018	06:23:09	1.000000	2.000000	1.000000	-8.586689	19.304247
17-07-2018	06:24:09	1.000000	2.000000	1.000000	-3.542305	19.999984
17-07-2018	06:25:09	1.000000	2.000000	1.000000	2.406006	19.291127
17-07-2018	06:26:09	1.000000	2.000000	1.000000	-4.081036	17.277243
17-07-2018	06:27:09	1.000000	2.000000	1.000000	-8.450478	14.241201
17-07-2018	06:28:09	1.000000	2.000000	1.000000	-2.970721	10.609451
17-07-2018	06:29:09	1.000000	2.000000	1.000000	6.995394	6.892124
17-07-2018	06:30:09	1.000000	2.000000	1.000000	-8.267138	3.611281
17-07-2018	06:31:09	1.000000	2.000000	1.000000	4.101317	1.227821
17-07-2018	06:32:09	1.000000	2.000000	1.000000	-1.176727	0.076476
17-07-2018	06:33:09	1.000000	2.000000	1.000000	2.084240	0.318979
17-07-2018	06:34:09	1.000000	2.000000	1.000000	7.913886	1.921265
17-07-2018	06:35:09	1.000000	2.000000	1.000000	-5.069083	4.658274
17-07-2018	06:36:09	1.000000	2.000000	1.000000	-2.685844	8.145571
17-07-2018	06:37:09	1.000000	2.000000	1.000000	-0.827310	11.893346
17-07-2018	06:38:09	1.000000	2.000000	1.000000	9.384152	15.375176
17-07-2018	06:39:09	1.000000	2.000000	1.000000	-1.704666	18.102021
17-07-2018	06:40:09	1.000000	2.000000	1.000000	8.653473	19.690871
17-07-2018	06:41:09	1.000000	2.000000	1.000000	5.072331	19.918555
17-07-2018	06:42:09	1.000000	2.000000	1.000000	6.167690	18.753087
17-07-2018	06:43:09	1.000000	2.000000	1.000000	-7.949072	16.358176
17-07-2018	06:44:09	1.000000	2.000000	1.000000	-1.115304	13.070192
17-07-2018	06:45:09	1.000000	2.000000	1.000000	-5.734131	9.350993
17-07-2018	06:46:09	1.000000	2.000000	1.000000	-4.412157	5.722941
17-07-2018	06:47:09	1.000000	2.000000	1.000000	5.600025	2.695630
17-07-2018	06:48:09	1.000000	2.000000	1.000000	-4.072256	0.694290
17-07-2018	06:49:09	1.000000	2.000000	1.000000	-7.056265	0.000024
17-07-2018	06:50:09	1.000000	2.000000	1.000000	-3.668283	0.710347
17-07-2018	06:51:09	1.000000	2.000000	1.000000	4.223260	2.725478
17-07-2018	06:52:09	1.000000	2.000000	1.000000	4.557423	5.762390
17-07-2018	06:53:09	1.000000	2.000000	1.000000	7.963500	9.394506
17-07-2018	06:54:09	1.000000	2.000000	1.000000	2.274445	13.111674
17-07-2018	06:55:09	1.000000	2.000000	1.000000	-4.694185	16.391767
17-07-2018	06:56:09	1.000000	2.000000	1.000000	-8.686765	18.774082
17-07-2018	06:57:09	1.000000	2.000000	1.000000	-6.464013	19.924011
17-07-2018	06:58:09	1.000000	2.000000	1.000000	7.494376	19.680035
17-07-2018	06:59:09	1.000000	2.000000	1.000000	6.623267	18.076415
17-07-2018	07:00:09	1.000000	2.000000	1.000000	0.519163	15.338420
17-07-2018	07:01:09	1.000000	2.000000	1.000000	-6.012386	11.850566
17-07-2018	07:02:09	1.000000	2.000000	1.000000	-2.985732	8.102785
17-07-2018	07:03:09	1.000000	2.000000	1.000000	8.991668	4.621483
17-07-2018	07:04:09	1.000000	2.000000	1.000000	0.338354	1.895646
17-07-2018	07:05:09	1.000000	2.000000	1.000000	-3.616042	0.308144
17-07-2018	07:06:09	1.000000	2.000000	1.000000	7.059924	0.081955
17-07-2018	07:07:09	1.000000	2.000000	1.000000	8.627834	1.248847
17-07-2018	07:08:09	1.000000	2.000000	1.000000	-2.607279	3.644919
17-07-2018	07:09:09	1.000000	2.000000	1.000000	9.173267	6.933626
17-07-2018	07:10:09	1.000000	2.000000	1.000000	-4.073881	10.653003
17-07-2018	07:11:09	1.000000	2.000000	1.000000	-0.356995	14.280668
17-07-2018	07:12:09	1.000000	2.000000	1.000000	7.247448	17.307089
17-07-2018	07:13:09	1.000000	2.000000	1.000000	-9.681158	19.307159
17-07-2018	07:14:09	1.000000	2.000000	1.000000	0.401175	19.999967
17-07-2018	07:15:09	1.000000	2.000000	1.000000	3.473360	19.288208
17-07-2018	07:16:09	1.000000	2.000000	1.000000	2.997418	17.271859
17-07-2018	07:17:09	1.000000	2.000000	1.000000	3.259410	14.234093
17-07-2018	07:18:09	1.000000	2.000000	1.000000	3.894687	10.601656
17-07-2018	07:19:09	1.000000	2.000000	1.000000	7.373160	6.884691
17-07-2018	07:20:09	1.000000	2.000000	1.000000	1.044798	3.605293
17-07-2018	07:21:09	1.000000	2.000000	1.000000	-6.848692	1.224071
17-07-2018	07:22:09	1.000000	2.000000	1.000000	3.294289	0.075513
17-07-2018	07:23:09	1.000000	2.000000	1.000000	-3.062432	0.320943
17-07-2018	07:24:09	1.000000	2.000000	1.000000	4.936169	1.925889
17-07-2018	07:25:09	1.000000	2.000000	1.000000	8.843571	4.664919
17-07-2018	07:26:09	1.000000	2.000000	1.000000	-5.581763	8.153302
17-07-2018	07:27:09	1.000000	2.000000	1.000000	0.665703	11.901084
17-07-2018	07:28:09	1.000000	2.000000	1.000000	-8.421196	15.381829
17-07-2018	07:29:09	1.000000	2.000000	1.000000	1.681247	18.106653
17-07-2018	07:30:09	1.000000	2.000000	1.000000	8.140632	19.692823
17-07-2018	07:31:09	1.000000	2.000000	1.000000	0.342746	19.917543
17-07-2018	07:32:09	1.000000	2.000000	1.000000	-1.654391	18.749249
17-07-2018	07:33:09	1.000000	2.000000	1.000000	2.837221	16.352045
17-07-2018	07:34:09	1.000000	2.000000	1.000000	3.548760	13.062632
17-07-2018	07:35:09	1.000000	2.000000	1.000000	-2.117862	9.343044
17-07-2018	07:36:09	1.000000	2.000000	1.000000	-7.327920	5.715760
17-07-2018	07:37:09	1.000000	2.000000	1.000000	3.986569	2.690210
17-07-2018	07:38:09	1.000000	2.000000	1.000000	-2.061653	0.691385
17-07-2018	07:39:09	1.000000	2.000000	1.000000	-9.988629	0.000044
17-07-2018	07:40:09	1.000000	2.000000	1.000000	9.555504	0.713270
17-07-2018	07:41:09	1.000000	2.000000	1.000000	6.268079	2.730907
17-07-2018	07:42:09	1.000000	2.000000	1.000000	7.419943	5.769560
17-07-2018	07:43:09	1.000000	2.000000	1.000000	-0.606939	9.402420
17-07-2018	07:44:09	1.000000	2.000000	1.000000	-0.521837	13.119209
17-07-2018	07:45:09	1.000000	2.000000	1.000000	0.402162	16.397878
17-07-2018	07:46:09	1.000000	2.000000	1.000000	3.952772	18.777898
17-07-2018	07:47:09	1.000000	2.000000	1.000000	-1.788014	19.924988
17-07-2018	07:48:09	1.000000	2.000000	1.000000	-1.515824	19.678033
17-07-2018	07:49:09	1.000000	2.000000	1.000000	-8.188462	18.071721
17-07-2018	07:50:09	1.000000	2.000000	1.000000	-8.945115	15.331657
17-07-2018	07:51:09	1.000000	2.000000	1.000000	8.682987	11.842708
17-07-2018	07:52:09	1.000000	2.000000	1.000000	2.819348	8.094940
17-07-2018	07:53:09	1.000000	2.000000	1.000000	0.393880	4.614753
17-07-2018	07:54:09	1.000000	2.000000	1.000000	7.259395	1.890970
17-07-2018	07:55:09	1.000000	2.000000	1.000000	-1.118493	0.306180
17-07-2018	07:56:09	1.000000	2.000000	1.000000	-0.004861	0.082978
17-07-2018	07:57:09	1.000000	2.000000	1.000000	0.537502	1.252715
17-07-2018	07:58:09	1.000000	2.000000	1.000000	3.110701	3.651092
17-07-2018	07:59:09	1.000000	2.000000	1.000000	-0.272009	6.941207
17-07-2018	08:00:09	1.000000	2.000000	1.000000	-1.616453	10.660945
17-07-2018	08:01:09	1.000000	2.000000	1.000000	2.075834	14.287874
17-07-2018	08:02:09	1.000000	2.000000	1.000000	-5.895964	17.312519
17-07-2018	08:03:09	1.000000	2.000000	1.000000	1.059661	19.310075
17-07-2018	08:04:09	1.000000	2.000000	1.000000	3.070445	19.999943
17-07-2018	08:05:09	1.000000	2.000000	1.000000	-9.979753	19.285225
17-07-2018	08:06:09	1.000000	2.000000	1.000000	-8.952774	17.266309
17-07-2018	08:07:09	1.000000	2.000000	1.000000	-0.957341	14.226772
17-07-2018	08:08:09	1.000000	2.000000	1.000000	-6.225638	10.593542
17-07-2018	08:09:09	1.000000	2.000000	1.000000	-9.712348	6.876946
17-07-2018	08:10:09	1.000000	2.000000	1.000000	5.273064	3.599012
17-07-2018	08:11:09	1.000000	2.000000	1.000000	2.429565	1.220162
17-07-2018	08:12:09	1.000000	2.000000	1.000000	-5.854377	0.074515
17-07-2018	08:13:09	1.000000	2.000000	1.000000	-8.392713	0.322995
17-07-2018	08:14:09	1.000000	2.000000	1.000000	3.316618	1.930704
17-07-2018	08:15:09	1.000000	2.000000	1.000000	-7.909272	4.671819
17-07-2018	08:16:09	1.000000	2.000000	1.000000	-0.942619	8.161309
17-07-2018	08:17:09	1.000000	2.000000	1.000000	-6.524343	11.909062
17-07-2018	08:18:09	1.000000	2.000000	1.000000	3.442232	15.388668
17-07-2018	08:19:09	1.000000	2.000000	1.000000	5.350270	18.111376
17-07-2018	08:20:09	1.000000	2.000000	1.000000	6.265354	19.694796
17-07-2018	08:21:09	1.000000	2.000000	1.000000	0.837674	19.916515
17-07-2018	08:22:09	1.000000	2.000000	1.000000	0.419271	18.745397
17-07-2018	08:23:09	1.000000	2.000000	1.000000	-6.783466	16.345958
17-07-2018	08:24:09	1.000000	2.000000	1.000000	-7.652490	13.055167
17-07-2018	08:25:09	1.000000	2.000000	1.000000	-8.243376	9.335267
17-07-2018	08:26:09	1.000000	2.000000	1.000000	5.892308	5.708691
17-07-2018	08:27:09	1.000000	2.000000	1.000000	-1.917066	2.684904
17-07-2018	08:28:09	1.000000	2.000000	1.000000	8.637464	0.688559
17-07-2018	08:29:09	1.000000	2.000000	1.000000	1.810852	0.000070
17-07-2018	08:30:09	1.000000	2.000000	1.000000	-8.337583	0.716146
17-07-2018	08:31:09	1.000000	2.000000	1.000000	0.173763	2.736225
17-07-2018	08:32:09	1.000000	2.000000	1.000000	6.820959	5.776555
17-07-2018	08:33:09	1.000000	2.000000	1.000000	-9.268900	9.410097
17-07-2018	08:34:09	1.000000	2.000000	1.000000	-6.862100	13.126475
17-07-2018	08:35:09	1.000000	2.000000	1.000000	4.670287	16.403737
17-07-2018	08:36:09	1.000000	2.000000	1.000000	-5.151389	18.781521
17-07-2018	08:37:09	1.000000	2.000000	1.000000	-9.517124	19.925911
17-07-2018	08:38:09	1.000000	2.000000	1.000000	-0.044762	19.676128
17-07-2018	08:39:09	1.000000	2.000000	1.000000	-5.932678	18.067261
17-07-2018	08:40:09	1.000000	2.000000	1.000000	-0.120707	15.325302
17-07-2018	08:41:09	1.000000	2.000000	1.000000	-0.609803	11.835368
17-07-2018	08:42:09	1.000000	2.000000	1.000000	-2.290785	8.087636
17-07-2018	08:43:09	1.000000	2.000000	1.000000	-3.728730	4.608487
17-07-2018	08:44:09	1.000000	2.000000	1.000000	-2.493187	1.886641
17-07-2018	08:45:09	1.000000	2.000000	1.000000	5.576753	0.304369
17-07-2018	08:46:09	1.000000	2.000000	1.000000	-3.586396	0.083925
17-07-2018	08:47:09	1.000000	2.000000	1.000000	9.229161	1.256258
17-07-2018	08:48:09	1.000000	2.000000	1.000000	0.519564	3.656700
17-07-2018	08:49:09	1.000000	2.000000	1.000000	-8.391066	6.948114
17-07-2018	08:50:09	1.000000	2.000000	1.000000	2.502862	10.668210
17-07-2018	08:51:09	1.000000	2.000000	1.000000	4.862657	14.294432
17-07-2018	08:52:09	1.000000	2.000000	1.000000	8.641807	17.317489
17-07-2018	08:53:09	1.000000	2.000000	1.000000	-0.637460	19.312722
17-07-2018	08:54:09	1.000000	2.000000	1.000000	4.058917	19.999916
17-07-2018	08:55:09	1.000000	2.000000	1.000000	-0.845117	19.282551
17-07-2018	08:56:09	1.000000	2.000000	1.000000	-2.728649	17.261392
17-07-2018	08:57:09	1.000000	2.000000	1.000000	2.160269	14.220295
17-07-2018	08:58:09	1.000000	2.000000	1.000000	6.013111	10.586417
17-07-2018	08:59:09	1.000000	2.000000	1.000000	7.616968	6.870175
17-07-2018	09:00:09	1.000000	2.000000	1.000000	-1.618693	3.593557
17-07-2018	09:01:09	1.000000	2.000000	1.000000	5.322833	1.216772
17-07-2018	09:02:09	1.000000	2.000000	1.000000	3.020678	0.073655
17-07-2018	09:03:09	1.000000	2.000000	1.000000	8.288380	0.324777
17-07-2018	09:04:09	1.000000	2.000000	1.000000	9.600308	1.934866
17-07-2018	09:05:09	1.000000	2.000000	1.000000	5.989909	4.677767
17-07-2018	09:06:09	1.000000	2.000000	1.000000	4.466498	8.168214
17-07-2018	09:07:09	1.000000	2.000000	1.000000	-2.127237	11.915956
17-07-2018	09:08:09	1.000000	2.000000	1.000000	7.271617	15.394597
17-07-2018	09:09:09	1.000000	2.000000	1.000000	-5.308016	18.115500
17-07-2018	09:10:09	1.000000	2.000000	1.000000	4.095211	19.696525
17-07-2018	09:11:09	1.000000	2.000000	1.000000	-9.130048	19.915601
17-07-2018	09:12:09	1.000000	2.000000	1.000000	-8.227707	18.741955
17-07-2018	09:13:09	1.000000	2.000000	1.000000	-4.212508	16.340435
17-07-2018	09:14:09	1.000000	2.000000	1.000000	4.305564	13.048355
17-07-2018	09:15:09	1.000000	2.000000	1.000000	2.298707	9.328094
17-07-2018	09:16:09	1.000000	2.000000	1.000000	-4.539413	5.702228
17-07-2018	09:17:09	1.000000	2.000000	1.000000	-1.412145	2.680001
17-07-2018	09:18:09	1.000000	2.000000	1.000000	8.550258	0.685937
17-07-2018	09:19:09	1.000000	2.000000	1.000000	8.542303	0.000100
17-07-2018	09:20:09	1.000000	2.000000	1.000000	7.449723	0.718835
17-07-2018	09:21:09	1.000000	2.000000	1.000000	7.998934	2.741181
17-07-2018	09:22:09	1.000000	2.000000	1.000000	1.293894	5.783115
17-07-2018	09:23:09	1.000000	2.000000	1.000000	0.239196	9.417317
17-07-2018	09:24:09	1.000000	2.000000	1.000000	9.369666	13.133356
17-07-2018	09:25:09	1.000000	2.000000	1.000000	-9.321235	16.409298
17-07-2018	09:26:09	1.000000	2.000000	1.000000	0.392515	18.785005
17-07-2018	09:27:09	1.000000	2.000000	1.000000	-4.905971	19.926793
17-07-2018	09:28:09	1.000000	2.000000	1.000000	-8.765509	19.674284
17-07-2018	09:29:09	1.000000	2.000000	1.000000	7.115303	18.062950
17-07-2018	09:30:09	1.000000	2.000000	1.000000	-9.620812	15.319108
17-07-2018	09:31:09	1.000000	2.000000	1.000000	2.172351	11.828173
17-07-2018	09:32:09	1.000000	2.000000	1.000000	-8.406063	8.080418
17-07-2018	09:33:09	1.000000	2.000000	1.000000	-4.678619	4.602311
17-07-2018	09:34:09	1.000000	2.000000	1.000000	1.207369	1.882352
17-07-2018	09:35:09	1.000000	2.000000	1.000000	3.557839	0.302573
17-07-2018	09:36:09	1.000000	2.000000	1.000000	9.397081	0.084881
17-07-2018	09:37:09	1.000000	2.000000	1.000000	-8.191917	1.259863
17-07-2018	09:38:09	1.000000	2.000000	1.000000	-4.438344	3.662479
17-07-2018	09:39:09	1.000000	2.000000	1.000000	-8.652222	6.955238
17-07-2018	09:40:09	1.000000	2.000000	1.000000	-0.729186	10.675687
17-07-2018	09:41:09	1.000000	2.000000	1.000000	-6.560093	14.301213
17-07-2018	09:42:09	1.000000	2.000000	1.000000	3.984682	17.322590
17-07-2018	09:43:09	1.000000	2.000000	1.000000	9.687728	19.315459
17-07-2018	09:44:09	1.000000	2.000000	1.000000	-5.303606	19.999882
17-07-2018	09:45:09	1.000000	2.000000	1.000000	0.112930	19.279739
17-07-2018	09:46:09	1.000000	2.000000	1.000000	-1.240855	17.256180
17-07-2018	09:47:09	1.000000	2.000000	1.000000	-5.832541	14.213432
17-07-2018	09:48:09	1.000000	2.000000	1.000000	-3.821060	10.578854
17-07-2018	09:49:09	1.000000	2.000000	1.000000	2.140603	6.863008
17-07-2018	09:50:09	1.000000	2.000000	1.000000	5.169323	3.587765
17-07-2018	09:51:09	1.000000	2.000000	1.000000	9.794463	1.213168
17-07-2018	09:52:09	1.000000	2.000000	1.000000	-0.245783	0.072745
17-07-2018	09:53:09	1.000000	2.000000	1.000000	4.666932	0.326685
17-07-2018	09:54:09	1.000000	2.000000	1.000000	-7.676706	1.939313
17-07-2018	09:55:09	1.000000	2.000000	1.000000	0.967631	4.684123
17-07-2018	09:56:09	1.000000	2.000000	1.000000	-2.381799	8.175626
17-07-2018	09:57:09	1.000000	2.000000	1.000000	2.339042	11.923343
17-07-2018	09:58:09	1.000000	2.000000	1.000000	-4.063240	15.400930
17-07-2018	09:59:09	1.000000	2.000000	1.000000	-7.681410	18.119914
17-07-2018	10:00:09	1.000000	2.000000	1.000000	-6.967950	19.698375
17-07-2018	10:01:09	1.000000	2.000000	1.000000	-1.444877	19.914611
17-07-2018	10:02:09	1.000000	2.000000	1.000000	4.164602	18.738245
17-07-2018	10:03:09	1.000000	2.000000	1.000000	7.676612	16.334518
17-07-2018	10:04:09	1.000000	2.000000	1.000000	-9.048602	13.041040
17-07-2018	10:05:09	1.000000	2.000000	1.000000	6.429864	9.320445
17-07-2018	10:06:09	1.000000	2.000000	1.000000	-2.464127	5.695286
17-07-2018	10:07:09	1.000000	2.000000	1.000000	-2.547845	2.674754
17-07-2018	10:08:09	1.000000	2.000000	1.000000	-4.802468	0.683124
17-07-2018	10:09:09	1.000000	2.000000	1.000000	-0.529265	0.000137
17-07-2018	10:10:09	1.000000	2.000000	1.000000	9.514646	0.721721
17-07-2018	10:11:09	1.000000	2.000000	1.000000	-9.720292	2.746512
17-07-2018	10:12:09	1.000000	2.000000	1.000000	-7.029660	5.790119
17-07-2018	10:13:09	1.000000	2.000000	1.000000	-0.063605	9.425047
17-07-2018	10:14:09	1.000000	2.000000	1.000000	-8.897520	13.140698
17-07-2018	10:15:09	1.000000	2.000000	1.000000	-7.733581	16.415250
17-07-2018	10:16:09	1.000000	2.000000	1.000000	3.812107	18.788707
17-07-2018	10:17:09	1.000000	2.000000	1.000000	-2.451918	19.927729
17-07-2018	10:18:09	1.000000	2.000000	1.000000	-6.972420	19.672313
17-07-2018	10:19:09	1.000000	2.000000	1.000000	-8.108236	18.058347
17-07-2018	10:20:09	1.000000	2.000000	1.000000	-6.513479	15.312523
17-07-2018	10:21:09	1.000000	2.000000	1.000000	-5.922492	11.820509
17-07-2018	10:22:09	1.000000	2.000000	1.000000	4.644322	8.072782
17-07-2018	10:23:09	1.000000	2.000000	1.000000	-3.583495	4.595769
17-07-2018	10:24:09	1.000000	2.000000	1.000000	-0.568719	1.877803
17-07-2018	10:25:09	1.000000	2.000000	1.000000	-8.635419	0.300672
17-07-2018	10:26:09	1.000000	2.000000	1.000000	-3.981627	0.085899
17-07-2018	10:27:09	1.000000	2.000000	1.000000	-1.008592	1.263648
17-07-2018	10:28:09	1.000000	2.000000	1.000000	1.323303	3.668473
17-07-2018	10:29:09	1.000000	2.000000	1.000000	5.266956	6.962610
17-07-2018	10:30:09	1.000000	2.000000	1.000000	-4.822315	10.683403
17-07-2018	10:31:09	1.000000	2.000000	1.000000	-6.076695	14.308187
17-07-2018	10:32:09	1.000000	2.000000	1.000000	-3.774286	17.327857
17-07-2018	10:33:09	1.000000	2.000000	1.000000	6.810561	19.318257
17-07-2018	10:34:09	1.000000	2.000000	1.000000	6.701536	19.999842
17-07-2018	10:35:09	1.000000	2.000000	1.000000	-8.080084	19.276888
17-07-2018	10:36:09	1.000000	2.000000	1.000000	3.110522	17.250919
17-07-2018	10:37:09	1.000000	2.000000	1.000000	0.877227	14.206498
17-07-2018	10:38:09	1.000000	2.000000	1.000000	-5.991461	10.571231
17-07-2018	10:39:09	1.000000	2.000000	1.000000	-1.369662	6.855721
17-07-2018	10:40:09	1.000000	2.000000	1.000000	-9.372043	3.581855
17-07-2018	10:41:09	1.000000	2.000000	1.000000	7.865132	1.209493
17-07-2018	10:42:09	1.000000	2.000000	1.000000	6.932074	0.071819
17-07-2018	10:43:09	1.000000	2.000000	1.000000	-5.266889	0.328647
17-07-2018	10:44:09	1.000000	2.000000	1.000000	3.243223	1.943907
17-07-2018	10:45:09	1.000000	2.000000	1.000000	-7.972160	4.690722
17-07-2018	10:46:09	1.000000	2.000000	1.000000	-6.410147	8.183236
17-07-2018	10:47:09	1.000000	2.000000	1.000000	7.179640	11.930955
17-07-2018	10:48:09	1.000000	2.000000	1.000000	-9.106610	15.407465
17-07-2018	10:49:09	1.000000	2.000000	1.000000	-6.863220	18.124419
17-07-2018	10:50:09	1.000000	2.000000	1.000000	0.497274	19.700251
17-07-2018	10:51:09	1.000000	2.000000	1.000000	-8.523564	19.913604
17-07-2018	10:52:09	1.000000	2.000000	1.000000	-4.528585	18.734513
17-07-2018	10:53:09	1.000000	2.000000	1.000000	0.930613	16.328572
17-07-2018	10:54:09	1.000000	2.000000	1.000000	1.802886	13.033740
17-07-2018	10:55:09	1.000000	2.000000	1.000000	-8.905115	9.312779
17-07-2018	10:56:09	1.000000	2.000000	1.000000	8.123507	5.688374
17-07-2018	10:57:09	1.000000	2.000000	1.000000	5.346821	2.669543
17-07-2018	10:58:09	1.000000	2.000000	1.000000	8.510748	0.680347
17-07-2018	10:59:09	1.000000	2.000000	1.000000	-5.988241	0.000180
17-07-2018	11:00:09	1.000000	2.000000	1.000000	-1.873362	0.724580
17-07-2018	11:01:09	1.000000	2.000000	1.000000	-4.388580	2.751798
17-07-2018	11:02:09	1.000000	2.000000	1.000000	-5.091502	5.797093
17-07-2018	11:03:09	1.000000	2.000000	1.000000	-0.722511	9.432682
17-07-2018	11:04:09	1.000000	2.000000	1.000000	-7.183319	13.147977
17-07-2018	11:05:09	1.000000	2.000000	1.000000	-0.155187	16.421096
17-07-2018	11:06:09	1.000000	2.000000	1.000000	-8.513802	18.792346
17-07-2018	11:07:09	1.000000	2.000000	1.000000	-3.916569	19.928640
17-07-2018	11:08:09	1.000000	2.000000	1.000000	-1.361299	19.670373
17-07-2018	11:09:09	1.000000	2.000000	1.000000	8.540990	18.053815
17-07-2018	11:10:09	1.000000	2.000000	1.000000	9.191130	15.306031
17-07-2018	11:11:09	1.000000	2.000000	1.000000	6.254044	11.812976
17-07-2018	11:12:09	1.000000	2.000000	1.000000	9.411661	8.065260
17-07-2018	11:13:09	1.000000	2.000000	1.000000	-5.609654	4.589313
17-07-2018	11:14:09	1.000000	2.000000	1.000000	2.418267	1.873352
17-07-2018	11:15:09	1.000000	2.000000	1.000000	-2.862374	0.298817
17-07-2018	11:16:09	1.000000	2.000000	1.000000	0.176296	0.086898
17-07-2018	11:17:09	1.000000	2.000000	1.000000	-7.911790	1.267351
17-07-2018	11:18:09	1.000000	2.000000	1.000000	7.149561	3.674382
17-07-2018	11:19:09	1.000000	2.000000	1.000000	1.988083	6.969876
17-07-2018	11:20:09	1.000000	2.000000	1.000000	-1.711349	10.690980
17-07-2018	11:21:09	1.000000	2.000000	1.000000	4.559073	14.315041
17-07-2018	11:22:09	1.000000	2.000000	1.000000	-3.067476	17.333024
17-07-2018	11:23:09	1.000000	2.000000	1.000000	-1.022373	19.321025
17-07-2018	11:24:09	1.000000	2.000000	1.000000	2.758003	19.999796
17-07-2018	11:25:09	1.000000	2.000000	1.000000	5.756879	19.274006
17-07-2018	11:26:09	1.000000	2.000000	1.000000	1.313877	17.245594
17-07-2018	11:27:09	1.000000	2.000000	1.000000	-6.641521	14.199500
17-07-2018	11:28:09	1.000000	2.000000	1.000000	9.386510	10.563522
17-07-2018	11:29:09	1.000000	2.000000	1.000000	-9.180303	6.848409
17-07-2018	11:30:09	1.000000	2.000000	1.000000	-3.007146	3.575978
17-07-2018	11:31:09	1.000000	2.000000	1.000000	9.029534	1.205828
17-07-2018	11:32:09	1.000000	2.000000	1.000000	4.865666	0.070905
17-07-2018	11:33:09	1.000000	2.000000	1.000000	9.468267	0.330602
17-07-2018	11:34:09	1.000000	2.000000	1.000000	5.587083	1.948444
17-07-2018	11:35:09	1.000000	2.000000	1.000000	8.584012	4.697195
17-07-2018	11:36:09	1.000000	2.000000	1.000000	-7.552092	8.190755
17-07-2018	11:37:09	1.000000	2.000000	1.000000	-0.968118	11.938475
17-07-2018	11:38:09	1.000000	2.000000	1.000000	-4.761817	15.413895
17-07-2018	11:39:09	1.000000	2.000000	1.000000	-4.603130	18.128879
17-07-2018	11:40:09	1.000000	2.000000	1.000000	0.748494	19.702114
17-07-2018	11:41:09	1.000000	2.000000	1.000000	-2.474812	19.912593
17-07-2018	11:42:09	1.000000	2.000000	1.000000	1.746753	18.730755
17-07-2018	11:43:09	1.000000	2.000000	1.000000	1.715102	16.322598
17-07-2018	11:44:09	1.000000	2.000000	1.000000	-3.055521	13.026405
17-07-2018	11:45:09	1.000000	2.000000	1.000000	8.719820	9.305135
17-07-2018	11:46:09	1.000000	2.000000	1.000000	7.369935	5.681442
17-07-2018	11:47:09	1.000000	2.000000	1.000000	-0.674512	2.664333
17-07-2018	11:48:09	1.000000	2.000000	1.000000	-9.513512	0.677579
17-07-2018	11:49:09	1.000000	2.000000	1.000000	7.279262	0.000229
17-07-2018	11:50:09	1.000000	2.000000	1.000000	2.329187	0.727425
17-07-2018	11:51:09	1.000000	2.000000	1.000000	5.209704	2.757032
17-07-2018	11:52:09	1.000000	2.000000	1.000000	-1.220548	5.803983
17-07-2018	11:53:09	1.000000	2.000000	1.000000	7.271532	9.440283
17-07-2018	11:54:09	1.000000	2.000000	1.000000	-8.461426	13.155190
17-07-2018	11:55:09	1.000000	2.000000	1.000000	1.040989	16.426944
17-07-2018	11:56:09	1.000000	2.000000	1.000000	6.835212	18.795983
17-07-2018	11:57:09	1.000000	2.000000	1.000000	5.416561	19.929549
17-07-2018	11:58:09	1.000000	2.000000	1.000000	6.598296	19.668422
17-07-2018	11:59:09	1.000000	2.000000	1.000000	-3.668002	18.049282
17-07-2018	12:00:09	1.000000	2.000000	1.000000	2.719368	15.299542
17-07-2018	12:01:09	1.000000	2.000000	1.000000	-5.358517	11.805440
17-07-2018	12:02:09	1.000000	2.000000	1.000000	7.383839	8.057740
17-07-2018	12:03:09	1.000000	2.000000	1.000000	1.229420	4.582867
17-07-2018	12:04:09	1.000000	2.000000	1.000000	-4.591809	1.868876
17-07-2018	12:05:09	1.000000	2.000000	1.000000	-8.951929	0.296956
17-07-2018	12:06:09	1.000000	2.000000	1.000000	-7.762561	0.087912
17-07-2018	12:07:09	1.000000	2.000000	1.000000	-3.575965	1.271105
17-07-2018	12:08:09	1.000000	2.000000	1.000000	7.314661	3.680338
17-07-2018	12:09:09	1.000000	2.000000	1.000000	3.928092	6.977192
17-07-2018	12:10:09	1.000000	2.000000	1.000000	5.914666	10.698620
17-07-2018	12:11:09	1.000000	2.000000	1.000000	-7.235190	14.321959
17-07-2018	12:12:09	1.000000	2.000000	1.000000	-6.384559	17.338225
17-07-2018	12:13:09	1.000000	2.000000	1.000000	-5.476131	19.323782
17-07-2018	12:14:09	1.000000	2.000000	1.000000	-6.643142	19.999745
17-07-2018	12:15:09	1.000000	2.000000	1.000000	-5.937446	19.271164
17-07-2018	12:16:09	1.000000	2.000000	1.000000	-9.653553	17.240369
17-07-2018	12:17:09	1.000000	2.000000	1.000000	-0.696390	14.192612
17-07-2018	12:18:09	1.000000	2.000000	1.000000	3.546248	10.555960
17-07-2018	12:19:09	1.000000	2.000000	1.000000	-3.607952	6.841205
17-07-2018	12:20:09	1.000000	2.000000	1.000000	-2.669000	3.570139
17-07-2018	12:21:09	1.000000	2.000000	1.000000	-1.710860	1.202210
17-07-2018	12:22:09	1.000000	2.000000	1.000000	3.240363	0.070001
17-07-2018	12:23:09	1.000000	2.000000	1.000000	-0.571328	0.332551
17-07-2018	12:24:09	1.000000	2.000000	1.000000	7.829554	1.952973
17-07-2018	12:25:09	1.000000	2.000000	1.000000	2.638780	4.703678
17-07-2018	12:26:09	1.000000	2.000000	1.000000	8.652158	8.198303
17-07-2018	12:27:09	1.000000	2.000000	1.000000	-4.555466	11.945995
17-07-2018	12:28:09	1.000000	2.000000	1.000000	5.164308	15.420337
17-07-2018	12:29:09	1.000000	2.000000	1.000000	6.024038	18.133340
17-07-2018	12:30:09	1.000000	2.000000	1.000000	-8.578269	19.703968
17-07-2018	12:31:09	1.000000	2.000000	1.000000	8.881867	19.911579
17-07-2018	12:32:09	1.000000	2.000000	1.000000	-9.050711	18.727016
17-07-2018	12:33:09	1.000000	2.000000	1.000000	-4.991169	16.316664
17-07-2018	12:34:09	1.000000	2.000000	1.000000	7.142519	13.019108
17-07-2018	12:35:09	1.000000	2.000000	1.000000	-3.410058	9.297488
17-07-2018	12:36:09	1.000000	2.000000	1.000000	-1.627315	5.674541
17-07-2018	12:37:09	1.000000	2.000000	1.000000	-0.928668	2.659139
17-07-2018	12:38:09	1.000000	2.000000	1.000000	5.055071	0.674814
17-07-2018	12:39:09	1.000000	2.000000	1.000000	0.227133	0.000284
17-07-2018	12:40:09	1.000000	2.000000	1.000000	-2.494186	0.730305
17-07-2018	12:41:09	1.000000	2.000000	1.000000	-2.130169	2.762323
17-07-2018	12:42:09	1.000000	2.000000	1.000000	7.926890	5.810964
17-07-2018	12:43:09	1.000000	2.000000	1.000000	3.977631	9.447970
17-07-2018	12:44:09	1.000000	2.000000	1.000000	-8.447028	13.162498
17-07-2018	12:45:09	1.000000	2.000000	1.000000	1.246781	16.432837
17-07-2018	12:46:09	1.000000	2.000000	1.000000	-2.745599	18.799628
17-07-2018	12:47:09	1.000000	2.000000	1.000000	6.409400	19.930452
17-07-2018	12:48:09	1.000000	2.000000	1.000000	-4.723376	19.666471
17-07-2018	12:49:09	1.000000	2.000000	1.000000	3.790982	18.044750
17-07-2018	12:50:09	1.000000	2.000000	1.000000	-5.540925	15.293099
17-07-2018	12:51:09	1.000000	2.000000	1.000000	0.553864	11.797978
17-07-2018	12:52:09	1.000000	2.000000	1.000000	-7.260412	8.050313
17-07-2018	12:53:09	1.000000	2.000000	1.000000	5.296963	4.576512
17-07-2018	12:54:09	1.000000	2.000000	1.000000	9.568088	1.864465
17-07-2018	12:55:09	1.000000	2.000000	1.000000	-6.475224	0.295127
17-07-2018	12:56:09	1.000000	2.000000	1.000000	-8.175569	0.088920
17-07-2018	12:57:09	1.000000	2.000000	1.000000	4.811552	1.274808
17-07-2018	12:58:09	1.000000	2.000000	1.000000	0.866594	3.686205
17-07-2018	12:59:09	1.000000	2.000000	1.000000	0.002529	6.984430
17-07-2018	13:00:09	1.000000	2.000000	1.000000	-4.175877	10.706208
17-07-2018	13:01:09	1.000000	2.000000	1.000000	6.764931	14.328808
17-07-2018	13:02:09	1.000000	2.000000	1.000000	-7.330319	17.343393
17-07-2018	13:03:09	1.000000	2.000000	1.000000	9.572650	19.326532
17-07-2018	13:04:09	1.000000	2.000000	1.000000	1.547965	19.999687
17-07-2018	13:05:09	1.000000	2.000000	1.000000	3.153060	19.268302
17-07-2018	13:06:09	1.000000	2.000000	1.000000	-0.467611	17.235108
17-07-2018	13:07:09	1.000000	2.000000	1.000000	8.181745	14.185687
17-07-2018	13:08:09	1.000000	2.000000	1.000000	-5.387966	10.548347
17-07-2018	13:09:09	1.000000	2.000000	1.000000	-9.068210	6.834007
17-07-2018	13:10:09	1.000000	2.000000	1.000000	-2.282972	3.564350
17-07-2018	13:11:09	1.000000	2.000000	1.000000	5.380781	1.198645
17-07-2018	13:12:09	1.000000	2.000000	1.000000	3.966134	0.069123
17-07-2018	13:13:09	1.000000	2.000000	1.000000	7.882800	0.334452
17-07-2018	13:14:09	1.000000	2.000000	1.000000	5.328510	1.957373
17-07-2018	13:15:09	1.000000	2.000000	1.000000	7.231874	4.709942
17-07-2018	13:16:09	1.000000	2.000000	1.000000	6.634691	8.205498
17-07-2018	13:17:09	1.000000	2.000000	1.000000	6.047827	11.953138
17-07-2018	13:18:09	1.000000	2.000000	1.000000	-9.574861	15.426465
17-07-2018	13:19:09	1.000000	2.000000	1.000000	1.264101	18.137596
17-07-2018	13:20:09	1.000000	2.000000	1.000000	9.878106	19.705727
17-07-2018	13:21:09	1.000000	2.000000	1.000000	-9.910215	19.910610
17-07-2018	13:22:09	1.000000	2.000000	1.000000	5.489788	18.723466
17-07-2018	13:23:09	1.000000	2.000000	1.000000	-5.670591	16.311049
17-07-2018	13:24:09	1.000000	2.000000	1.000000	-7.499215	13.012228
17-07-2018	13:25:09	1.000000	2.000000	1.000000	4.819768	9.290304
17-07-2018	13:26:09	1.000000	2.000000	1.000000	-7.146758	5.668065
17-07-2018	13:27:09	1.000000	2.000000	1.000000	9.952386	2.654263
17-07-2018	13:28:09	1.000000	2.000000	1.000000	-7.607989	0.672225
17-07-2018	13:29:09	1.000000	2.000000	1.000000	4.886634	0.000341
17-07-2018	13:30:09	1.000000	2.000000	1.000000	9.355269	0.732992
17-07-2018	13:31:09	1.000000	2.000000	1.000000	-9.918746	2.767261
17-07-2018	13:32:09	1.000000	2.000000	1.000000	-3.396256	5.817391
17-07-2018	13:33:09	1.000000	2.000000	1.000000	-1.080537	9.455029
17-07-2018	13:34:09	1.000000	2.000000	1.000000	-0.599588	13.169232
17-07-2018	13:35:09	1.000000	2.000000	1.000000	7.062662	16.438272
17-07-2018	13:36:09	1.000000	2.000000	1.000000	-0.073327	18.803004
17-07-2018	13:37:09	1.000000	2.000000	1.000000	7.361961	19.931286
17-07-2018	13:38:09	1.000000	2.000000	1.000000	-0.383223	19.664645
17-07-2018	13:39:09	1.000000	2.000000	1.000000	-8.758458	18.040516
17-07-2018	13:40:09	1.000000	2.000000	1.000000	1.316852	15.287047
17-07-2018	13:41:09	1.000000	2.000000	1.000000	-3.224114	11.790965
17-07-2018	13:42:09	1.000000	2.000000	1.000000	-9.694642	8.043341
17-07-2018	13:43:09	1.000000	2.000000	1.000000	6.694849	4.570564
17-07-2018	13:44:09	1.000000	2.000000	1.000000	-2.749230	1.860365
17-07-2018	13:45:09	1.000000	2.000000	1.000000	-0.769008	0.293430
17-07-2018	13:46:09	1.000000	2.000000	1.000000	6.712857	0.089856
17-07-2018	13:47:09	1.000000	2.000000	1.000000	6.875227	1.278239
17-07-2018	13:48:09	1.000000	2.000000	1.000000	-5.590130	3.691651
17-07-2018	13:49:09	1.000000	2.000000	1.000000	-9.359314	6.991119
17-07-2018	13:50:09	1.000000	2.000000	1.000000	7.543436	10.713206
17-07-2018	13:51:09	1.000000	2.000000	1.000000	1.821962	14.335125
17-07-2018	13:52:09	1.000000	2.000000	1.000000	5.232294	17.348158
17-07-2018	13:53:09	1.000000	2.000000	1.000000	6.695208	19.329070
17-07-2018	13:54:09	1.000000	2.000000	1.000000	5.704982	19.999629
17-07-2018	13:55:09	1.000000	2.000000	1.000000	-4.927870	19.265657
17-07-2018	13:56:09	1.000000	2.000000	1.000000	8.259190	17.230254
17-07-2018	13:57:09	1.000000	2.000000	1.000000	9.391997	14.179328
17-07-2018	13:58:09	1.000000	2.000000	1.000000	1.059175	10.541379
17-07-2018	13:59:09	1.000000	2.000000	1.000000	7.226064	6.827366
17-07-2018	14:00:09	1.000000	2.000000	1.000000	-5.609378	3.558982
17-07-2018	14:01:09	1.000000	2.000000	1.000000	-4.608348	1.195297
17-07-2018	14:02:09	1.000000	2.000000	1.000000	5.910955	0.068295
17-07-2018	14:03:09	1.000000	2.000000	1.000000	0.177793	0.336270
17-07-2018	14:04:09	1.000000	2.000000	1.000000	-5.225154	1.961597
17-07-2018	14:05:09	1.000000	2.000000	1.000000	-3.132668	4.715972
17-07-2018	14:06:09	1.000000	2.000000	1.000000	9.839817	8.212537
17-07-2018	14:07:09	1.000000	2.000000	1.000000	-3.734267	11.960175
17-07-2018	14:08:09	1.000000	2.000000	1.000000	-7.712390	15.432489
17-07-2018	14:09:09	1.000000	2.000000	1.000000	-4.001652	18.141769
17-07-2018	14:10:09	1.000000	2.000000	1.000000	6.221705	19.707452
17-07-2018	14:11:09	1.000000	2.000000	1.000000	-4.436561	19.909655
17-07-2018	14:12:09	1.000000	2.000000	1.000000	-5.814023	18.719981
17-07-2018	14:13:09	1.000000	2.000000	1.000000	-6.419933	16.305520
17-07-2018	14:14:09	1.000000	2.000000	1.000000	-9.424567	13.005404
17-07-2018	14:15:09	1.000000	2.000000	1.000000	8.492862	9.283154
17-07-2018	14:16:09	1.000000	2.000000	1.000000	-6.566911	5.661563
17-07-2018	14:17:09	1.000000	2.000000	1.000000	-0.631155	2.649367
17-07-2018	14:18:09	1.000000	2.000000	1.000000	9.122609	0.669623
17-07-2018	14:19:09	1.000000	2.000000	1.000000	7.777950	0.000403
17-07-2018	14:20:09	1.000000	2.000000	1.000000	-0.400530	0.735704
17-07-2018	14:21:09	1.000000	2.000000	1.000000	-6.012442	2.772258
17-07-2018	14:22:09	1.000000	2.000000	1.000000	8.442428	5.824008
17-07-2018	14:23:09	1.000000	2.000000	1.000000	4.073936	9.462296
17-07-2018	14:24:09	1.000000	2.000000	1.000000	-9.987846	13.176103
17-07-2018	14:25:09	1.000000	2.000000	1.000000	4.086546	16.443806
17-07-2018	14:26:09	1.000000	2.000000	1.000000	1.546583	18.806436
17-07-2018	14:27:09	1.000000	2.000000	1.000000	1.125439	19.932134
17-07-2018	14:28:09	1.000000	2.000000	1.000000	-2.889509	19.662780
17-07-2018	14:29:09	1.000000	2.000000	1.000000	5.097404	18.036215
17-07-2018	14:30:09	1.000000	2.000000	1.000000	-7.005471	15.280908
17-07-2018	14:31:09	1.000000	2.000000	1.000000	2.002684	11.783849
17-07-2018	14:32:09	1.000000	2.000000	1.000000	-1.767840	8.036231
17-07-2018	14:33:09	1.000000	2.000000	1.000000	6.661900	4.564432
17-07-2018	14:34:09	1.000000	2.000000	1.000000	8.974352	1.856109
17-07-2018	14:35:09	1.000000	2.000000	1.000000	-8.664418	0.291674
17-07-2018	14:36:09	1.000000	2.000000	1.000000	4.331180	0.090835
17-07-2018	14:37:09	1.000000	2.000000	1.000000	8.228611	1.281811
17-07-2018	14:38:09	1.000000	2.000000	1.000000	-1.871989	3.697328
17-07-2018	14:39:09	1.000000	2.000000	1.000000	-5.138572	6.998122
17-07-2018	14:40:09	1.000000	2.000000	1.000000	-2.960258	10.720544
17-07-2018	14:41:09	1.000000	2.000000	1.000000	-9.070751	14.341742
17-07-2018	14:42:09	1.000000	2.000000	1.000000	-4.531306	17.353120
17-07-2018	14:43:09	1.000000	2.000000	1.000000	7.545102	19.331695
17-07-2018	14:44:09	1.000000	2.000000	1.000000	7.073129	19.999564
17-07-2018	14:45:09	1.000000	2.000000	1.000000	1.426101	19.262908
17-07-2018	14:46:09	1.000000	2.000000	1.000000	-2.811722	17.225210
17-07-2018	14:47:09	1.000000	2.000000	1.000000	-9.294301	14.172643
17-07-2018	14:48:09	1.000000	2.000000	1.000000	-8.898929	10.534008
17-07-2018	14:49:09	1.000000	2.000000	1.000000	0.247296	6.820375
17-07-2018	14:50:09	1.000000	2.000000	1.000000	-4.593784	3.553341
17-07-2018	14:51:09	1.000000	2.000000	1.000000	-2.114954	1.191815
17-07-2018	14:52:09	1.000000	2.000000	1.000000	-5.219687	0.067435
17-07-2018	14:53:09	1.000000	2.000000	1.000000	-5.820861	0.338175
17-07-2018	14:54:09	1.000000	2.000000	1.000000	8.533005	1.965977
17-07-2018	14:55:09	1.000000	2.000000	1.000000	0.140009	4.722212
17-07-2018	14:56:09	1.000000	2.000000	1.000000	-9.345760	8.219747
17-07-2018	14:57:09	1.000000	2.000000	1.000000	-8.764745	11.967349
17-07-2018	14:58:09	1.000000	2.000000	1.000000	-5.803649	15.438609
17-07-2018	14:59:09	1.000000	2.000000	1.000000	-3.356364	18.145986
17-07-2018	15:00:09	1.000000	2.000000	1.000000	6.713511	19.709197
17-07-2018	15:01:09	1.000000	2.000000	1.000000	5.760848	19.908673
17-07-2018	15:02:09	1.000000	2.000000	1.000000	8.596616	18.716403
17-07-2018	15:03:09	1.000000	2.000000	1.000000	-5.630795	16.299848
17-07-2018	15:04:09	1.000000	2.000000	1.000000	-3.414074	12.998403
17-07-2018	15:05:09	1.000000	2.000000	1.000000	-8.944021	9.275854
17-07-2018	15:06:09	1.000000	2.000000	1.000000	-7.302870	5.654996
17-07-2018	15:07:09	1.000000	2.000000	1.000000	-1.480309	2.644407
17-07-2018	15:08:09	1.000000	2.000000	1.000000	9.169147	0.666994
17-07-2018	15:09:09	1.000000	2.000000	1.000000	-1.440202	0.000471
17-07-2018	15:10:09	1.000000	2.000000	1.000000	3.290665	0.738456
17-07-2018	15:11:09	1.000000	2.000000	1.000000	6.825959	2.777299
17-07-2018	15:12:09	1.000000	2.000000	1.000000	2.226041	5.830631
17-07-2018	15:13:09	1.000000	2.000000	1.000000	-9.676626	9.469597
17-07-2018	15:14:09	1.000000	2.000000	1.000000	-0.087529	13.183031
17-07-2018	15:15:09	1.000000	2.000000	1.000000	7.245977	16.449409
17-07-2018	15:16:09	1.000000	2.000000	1.000000	-6.864783	18.809910
17-07-2018	15:17:09	1.000000	2.000000	1.000000	-8.930860	19.932985
17-07-2018	15:18:09	1.000000	2.000000	1.000000	1.434562	19.660887
17-07-2018	15:19:09	1.000000	2.000000	1.000000	-2.081080	18.031825
17-07-2018	15:20:09	1.000000	2.000000	1.000000	2.293490	15.274646
17-07-2018	15:21:09	1.000000	2.000000	1.000000	6.779323	11.776577
17-07-2018	15:22:09	1.000000	2.000000	1.000000	-0.071913	8.028995
17-07-2018	15:23:09	1.000000	2.000000	1.000000	-6.725487	4.558251
17-07-2018	15:24:09	1.000000	2.000000	1.000000	4.849130	1.851836
17-07-2018	15:25:09	1.000000	2.000000	1.000000	-5.751613	0.289910
17-07-2018	15:26:09	1.000000	2.000000	1.000000	7.688769	0.091833
17-07-2018	15:27:09	1.000000	2.000000	1.000000	-6.577950	1.285449
17-07-2018	15:28:09	1.000000	2.000000	1.000000	-0.236303	3.703080
17-07-2018	15:29:09	1.000000	2.000000	1.000000	-6.466492	7.005163
17-07-2018	15:30:09	1.000000	2.000000	1.000000	0.512433	10.727882
17-07-2018	15:31:09	1.000000	2.000000	1.000000	-6.556778	14.348388
17-07-2018	15:32:09	1.000000	2.000000	1.000000	-5.625616	17.358112
17-07-2018	15:33:09	1.000000	2.000000	1.000000	7.981084	19.334350
17-07-2018	15:34:09	1.000000	2.000000	1.000000	-2.833948	19.999492
17-07-2018	15:35:09	1.000000	2.000000	1.000000	-4.094108	19.260115
17-07-2018	15:36:09	1.000000	2.000000	1.000000	4.684829	17.220061
17-07-2018	15:37:09	1.000000	2.000000	1.000000	-3.389616	14.165886
17-07-2018	15:38:09	1.000000	2.000000	1.000000	7.167411	10.526578
17-07-2018	15:39:09	1.000000	2.000000	1.000000	6.437323	6.813304
17-07-2018	15:40:09	1.000000	2.000000	1.000000	2.023594	3.547639
17-07-2018	15:41:09	1.000000	2.000000	1.000000	6.943065	1.188270
17-07-2018	15:42:09	1.000000	2.000000	1.000000	4.070467	0.066574
17-07-2018	15:43:09	1.000000	2.000000	1.000000	-7.843243	0.340101
17-07-2018	15:44:09	1.000000	2.000000	1.000000	1.651276	1.970430
17-07-2018	15:45:09	1.000000	2.000000	1.000000	-9.519642	4.728578
17-07-2018	15:46:09	1.000000	2.000000	1.000000	-5.899356	8.227130
17-07-2018	15:47:09	1.000000	2.000000	1.000000	-5.627089	11.974700
17-07-2018	15:48:09	1.000000	2.000000	1.000000	9.107922	15.444928
17-07-2018	15:49:09	1.000000	2.000000	1.000000	-5.262619	18.150361
17-07-2018	15:50:09	1.000000	2.000000	1.000000	-1.813837	19.710996
17-07-2018	15:51:09	1.000000	2.000000	1.000000	2.855859	19.907655
17-07-2018	15:52:09	1.000000	2.000000	1.000000	-1.904363	18.712693
17-07-2018	15:53:09	1.000000	2.000000	1.000000	8.664192	16.293959
17-07-2018	15:54:09	1.000000	2.000000	1.000000	-9.783921	12.991174
17-07-2018	15:55:09	1.000000	2.000000	1.000000	7.961464	9.268260
17-07-2018	15:56:09	1.000000	2.000000	1.000000	3.171539	5.648136
17-07-2018	15:57:09	1.000000	2.000000	1.000000	9.296881	2.639254
17-07-2018	15:58:09	1.000000	2.000000	1.000000	-2.020119	0.664268
17-07-2018	15:59:09	1.000000	2.000000	1.000000	-1.446238	0.000548
17-07-2018	16:00:09	1.000000	2.000000	1.000000	-0.488567	0.741331
17-07-2018	16:01:09	1.000000	2.000000	1.000000	1.968828	2.782559
17-07-2018	16:02:09	1.000000	2.000000	1.000000	-3.645481	5.837550
17-07-2018	16:03:09	1.000000	2.000000	1.000000	0.916457	9.477176
17-07-2018	16:04:09	1.000000	2.000000	1.000000	-5.196504	13.190245
17-07-2018	16:05:09	1.000000	2.000000	1.000000	-3.977414	16.455217
17-07-2018	16:06:09	1.000000	2.000000	1.000000	7.706607	18.813498
17-07-2018	16:07:09	1.000000	2.000000	1.000000	-6.385103	19.933857
17-07-2018	16:08:09	1.000000	2.000000	1.000000	7.649530	19.658928
17-07-2018	16:09:09	1.000000	2.000000	1.000000	-6.278005	18.027327
17-07-2018	16:10:09	1.000000	2.000000	1.000000	-1.395284	15.268222
17-07-2018	16:11:09	1.000000	2.000000	1.000000	-5.337234	11.769147
17-07-2018	16:12:09	1.000000	2.000000	1.000000	0.505241	8.021604
17-07-2018	16:13:09	1.000000	2.000000	1.000000	2.460699	4.551910
17-07-2018	16:14:09	1.000000	2.000000	1.000000	0.627478	1.847473
17-07-2018	16:15:09	1.000000	2.000000	1.000000	7.708259	0.288107
17-07-2018	16:16:09	1.000000	2.000000	1.000000	8.454540	0.092856
17-07-2018	16:17:09	1.000000	2.000000	1.000000	1.480040	1.289142
17-07-2018	16:18:09	1.000000	2.000000	1.000000	-4.828812	3.708952
17-07-2018	16:19:09	1.000000	2.000000	1.000000	-9.162215	7.012398
17-07-2018	16:20:09	1.000000	2.000000	1.000000	2.821517	10.735458
17-07-2018	16:21:09	1.000000	2.000000	1.000000	7.348530	14.355230
17-07-2018	16:22:09	1.000000	2.000000	1.000000	7.894195	17.363262
17-07-2018	16:23:09	1.000000	2.000000	1.000000	-3.399777	19.337069
17-07-2018	16:24:09	1.000000	2.000000	1.000000	8.986993	19.999412
17-07-2018	16:25:09	1.000000	2.000000	1.000000	-5.508322	19.257250
17-07-2018	16:26:09	1.000000	2.000000	1.000000	-7.325484	17.214816
17-07-2018	16:27:09	1.000000	2.000000	1.000000	-3.122939	14.159027
17-07-2018	16:28:09	1.000000	2.000000	1.000000	1.880771	10.519056
17-07-2018	16:29:09	1.000000	2.000000	1.000000	-0.591163	6.806184
17-07-2018	16:30:09	1.000000	2.000000	1.000000	8.248558	3.541906
17-07-2018	16:31:09	1.000000	2.000000	1.000000	-1.589029	1.184729
17-07-2018	16:32:09	1.000000	2.000000	1.000000	-5.353491	0.065714
17-07-2018	16:33:09	1.000000	2.000000	1.000000	7.220223	0.342041
17-07-2018	16:34:09	1.000000	2.000000	1.000000	4.744366	1.974912
17-07-2018	16:35:09	1.000000	2.000000	1.000000	-5.141224	4.734969
17-07-2018	16:36:09	1.000000	2.000000	1.000000	9.606990	8.234541
17-07-2018	16:37:09	1.000000	2.000000	1.000000	-1.990256	11.982102
17-07-2018	16:38:09	1.000000	2.000000	1.000000	-4.132542	15.451247
17-07-2018	16:39:09	1.000000	2.000000	1.000000	6.256028	18.154709
17-07-2018	16:40:09	1.000000	2.000000	1.000000	2.370098	19.712792
17-07-2018	16:41:09	1.000000	2.000000	1.000000	-7.129223	19.906633
17-07-2018	16:42:09	1.000000	2.000000	1.000000	-3.698419	18.709009
17-07-2018	16:43:09	1.000000	2.000000	1.000000	5.245007	16.288111
17-07-2018	16:44:09	1.000000	2.000000	1.000000	0.131910	12.984003
17-07-2018	16:45:09	1.000000	2.000000	1.000000	1.833833	9.260772
17-07-2018	16:46:09	1.000000	2.000000	1.000000	-9.740838	5.641365
17-07-2018	16:47:09	1.000000	2.000000	1.000000	-9.576049	2.634173
17-07-2018	16:48:09	1.000000	2.000000	1.000000	-2.539120	0.661576
17-07-2018	16:49:09	1.000000	2.000000	1.000000	-5.620882	0.000629
17-07-2018	16:50:09	1.000000	2.000000	1.000000	9.225146	0.744177
17-07-2018	16:51:09	1.000000	2.000000	1.000000	9.956134	2.787763
17-07-2018	16:52:09	1.000000	2.000000	1.000000	-3.841605	5.844380
17-07-2018	16:53:09	1.000000	2.000000	1.000000	-2.336230	9.484675
17-07-2018	16:54:09	1.000000	2.000000	1.000000	8.141727	13.197349
17-07-2018	16:55:09	1.000000	2.000000	1.000000	5.351121	16.460961
17-07-2018	16:56:09	1.000000	2.000000	1.000000	1.246054	18.817060
17-07-2018	16:57:09	1.000000	2.000000	1.000000	-5.510748	19.934721
17-07-2018	16:58:09	1.000000	2.000000	1.000000	-5.761195	19.656965
17-07-2018	16:59:09	1.000000	2.000000	1.000000	2.628853	18.022800
17-07-2018	17:00:09	1.000000	2.000000	1.000000	-9.864387	15.261770
17-07-2018	17:01:09	1.000000	2.000000	1.000000	7.110229	11.761689
17-07-2018	17:02:09	1.000000	2.000000	1.000000	4.440387	8.014128
17-07-2018	17:03:09	1.000000	2.000000	1.000000	9.825539	4.545527
17-07-2018	17:04:09	1.000000	2.000000	1.000000	-1.260224	1.843052
17-07-2018	17:05:09	1.000000	2.000000	1.000000	0.136295	0.286291
17-07-2018	17:06:09	1.000000	2.000000	1.000000	-9.038746	0.093895
17-07-2018	17:07:09	1.000000	2.000000	1.000000	-5.998954	1.292894
17-07-2018	17:08:09	1.000000	2.000000	1.000000	9.288268	3.714881
17-07-2018	17:09:09	1.000000	2.000000	1.000000	1.012219	7.019664
17-07-2018	17:10:09	1.000000	2.000000	1.000000	-1.971781	10.743050
17-07-2018	17:11:09	1.000000	2.000000	1.000000	1.736059	14.362071
17-07-2018	17:12:09	1.000000	2.000000	1.000000	8.133751	17.368421
17-07-2018	17:13:09	1.000000	2.000000	1.000000	8.200564	19.339806
17-07-2018	17:14:09	1.000000	2.000000	1.000000	-2.350976	19.999326
17-07-2018	17:15:09	1.000000	2.000000	1.000000	-8.836900	19.254349
17-07-2018	17:16:09	1.000000	2.000000	1.000000	-0.926668	17.209512
17-07-2018	17:17:09	1.000000	2.000000	1.000000	6.423978	14.152049
17-07-2018	17:18:09	1.000000	2.000000	1.000000	7.187781	10.511413
17-07-2018	17:19:09	1.000000	2.000000	1.000000	7.853013	6.798935
17-07-2018	17:20:09	1.000000	2.000000	1.000000	7.058492	3.536066
17-07-2018	17:21:09	1.000000	2.000000	1.000000	6.442780	1.181107
17-07-2018	17:22:09	1.000000	2.000000	1.000000	9.611268	0.064836
17-07-2018	17:23:09	1.000000	2.000000	1.000000	2.086240	0.344038
17-07-2018	17:24:09	1.000000	2.000000	1.000000	0.801652	1.979494
17-07-2018	17:25:09	1.000000	2.000000	1.000000	-2.051124	4.741492
17-07-2018	17:26:09	1.000000	2.000000	1.000000	7.139458	8.242098
17-07-2018	17:27:09	1.000000	2.000000	1.000000	-8.086736	11.989608
17-07-2018	17:28:09	1.000000	2.000000	1.000000	1.709346	15.457656
17-07-2018	17:29:09	1.000000	2.000000	1.000000	-7.581473	18.159137
17-07-2018	17:30:09	1.000000	2.000000	1.000000	-8.213377	19.714606
17-07-2018	17:31:09	1.000000	2.000000	1.000000	-5.509698	19.905587
17-07-2018	17:32:09	1.000000	2.000000	1.000000	7.176881	18.705244
17-07-2018	17:33:09	1.000000	2.000000	1.000000	-4.231064	16.282163
17-07-2018	17:34:09	1.000000	2.000000	1.000000	0.948243	12.976711
17-07-2018	17:35:09	1.000000	2.000000	1.000000	2.932247	9.253163
17-07-2018	17:36:09	1.000000	2.000000	1.000000	0.395593	5.634497
17-07-2018	17:37:09	1.000000	2.000000	1.000000	9.060205	2.629016
17-07-2018	17:38:09	1.000000	2.000000	1.000000	-2.677782	0.658841
17-07-2018	17:39:09	1.000000	2.000000	1.000000	-3.703803	0.000718
17-07-2018	17:40:09	1.000000	2.000000	1.000000	7.910893	0.747070
17-07-2018	17:41:09	1.000000	2.000000	1.000000	-0.141955	2.793072
17-07-2018	17:42:09	1.000000	2.000000	1.000000	1.121962	5.851348
17-07-2018	17:43:09	1.000000	2.000000	1.000000	7.379851	9.492347
17-07-2018	17:44:09	1.000000	2.000000	1.000000	8.836281	13.204656
17-07-2018	17:45:09	1.000000	2.000000	1.000000	-8.651044	16.466828
17-07-2018	17:46:09	1.000000	2.000000	1.000000	3.400637	18.820684
17-07-2018	17:47:09	1.000000	2.000000	1.000000	-5.965575	19.935597
17-07-2018	17:48:09	1.000000	2.000000	1.000000	-5.094464	19.654970
17-07-2018	17:49:09	1.000000	2.000000	1.000000	8.383043	18.018228
17-07-2018	17:50:09	1.000000	2.000000	1.000000	-0.869339	15.255247
17-07-2018	17:51:09	1.000000	2.000000	1.000000	6.255647	11.754128
17-07-2018	17:52:09	1.000000	2.000000	1.000000	-2.774731	8.006644
17-07-2018	17:53:09	1.000000	2.000000	1.000000	-0.199301	4.539112
17-07-2018	17:54:09	1.000000	2.000000	1.000000	0.405386	1.838627
17-07-2018	17:55:09	1.000000	2.000000	1.000000	2.154710	0.284481
17-07-2018	17:56:09	1.000000	2.000000	1.000000	1.884085	0.094945
17-07-2018	17:57:09	1.000000	2.000000	1.000000	-2.288170	1.296663
17-07-2018	17:58:09	1.000000	2.000000	1.000000	4.943999	3.720847
17-07-2018	17:59:09	1.000000	2.000000	1.000000	-8.124061	7.026977
17-07-2018	18:00:09	1.000000	2.000000	1.000000	4.265194	10.750688
17-07-2018	18:01:09	1.000000	2.000000	1.000000	-0.628646	14.368950
17-07-2018	18:02:09	1.000000	2.000000	1.000000	-3.074538	17.373584
17-07-2018	18:03:09	1.000000	2.000000	1.000000	-5.820663	19.342527
17-07-2018	18:04:09	1.000000	2.000000	1.000000	-9.547154	19.999235
17-07-2018	18:05:09	1.000000	2.000000	1.000000	-6.425114	19.251459
17-07-2018	18:06:09	1.000000	2.000000	1.000000	6.804941	17.204231
17-07-2018	18:07:09	1.000000	2.000000	1.000000	5.061132	14.145107
17-07-2018	18:08:09	1.000000	2.000000	1.000000	3.795682	10.503778
17-07-2018	18:09:09	1.000000	2.000000	1.000000	-7.362083	6.791686
17-07-2018	18:10:09	1.000000	2.000000	1.000000	-2.941623	3.530214
17-07-2018	18:11:09	1.000000	2.000000	1.000000	3.554050	1.177484
17-07-2018	18:12:09	1.000000	2.000000	1.000000	-5.470183	0.063965
17-07-2018	18:13:09	1.000000	2.000000	1.000000	4.837057	0.346041
17-07-2018	18:14:09	1.000000	2.000000	1.000000	5.742985	1.984085
17-07-2018	18:15:09	1.000000	2.000000	1.000000	-2.099807	4.748040
17-07-2018	18:16:09	1.000000	2.000000	1.000000	0.453436	8.249687
17-07-2018	18:17:09	1.000000	2.000000	1.000000	-3.587971	11.997181
17-07-2018	18:18:09	1.000000	2.000000	1.000000	6.847996	15.464149
17-07-2018	18:19:09	1.000000	2.000000	1.000000	-7.702882	18.163630
17-07-2018	18:20:09	1.000000	2.000000	1.000000	-3.200118	19.716455
17-07-2018	18:21:09	1.000000	2.000000	1.000000	-0.716290	19.904517
17-07-2018	18:22:09	1.000000	2.000000	1.000000	2.925992	18.701410
17-07-2018	18:23:09	1.000000	2.000000	1.000000	-2.943528	16.276119
17-07-2018	18:24:09	1.000000	2.000000	1.000000	-3.307709	12.969285
17-07-2018	18:25:09	1.000000	2.000000	1.000000	2.953389	9.245406
17-07-2018	18:26:09	1.000000	2.000000	1.000000	-1.946699	5.627511
17-07-2018	18:27:09	1.000000	2.000000	1.000000	8.860486	2.623773
17-07-2018	18:28:09	1.000000	2.000000	1.000000	-7.531802	0.656080
17-07-2018	18:29:09	1.000000	2.000000	1.000000	-0.562359	0.000814
17-07-2018	18:30:09	1.000000	2.000000	1.000000	1.565055	0.750010
17-07-2018	18:31:09	1.000000	2.000000	1.000000	5.168576	2.798455
17-07-2018	18:32:09	1.000000	2.000000	1.000000	4.856478	5.858428
17-07-2018	18:33:09	1.000000	2.000000	1.000000	-6.214104	9.500122
17-07-2018	18:34:09	1.000000	2.000000	1.000000	-9.967100	13.212030
17-07-2018	18:35:09	1.000000	2.000000	1.000000	-5.934023	16.472768
17-07-2018	18:36:09	1.000000	2.000000	1.000000	7.917530	18.824354
17-07-2018	18:37:09	1.000000	2.000000	1.000000	-9.966332	19.936476
17-07-2018	18:38:09	1.000000	2.000000	1.000000	-8.052562	19.652938
17-07-2018	18:39:09	1.000000	2.000000	1.000000	-1.114694	18.013567
17-07-2018	18:40:09	1.000000	2.000000	1.000000	-7.865377	15.248632
17-07-2018	18:41:09	1.000000	2.000000	1.000000	-1.778716	11.746468
17-07-2018	18:42:09	1.000000	2.000000	1.000000	9.944942	7.998995
17-07-2018	18:43:09	1.000000	2.000000	1.000000	7.699955	4.532573
17-07-2018	18:44:09	1.000000	2.000000	1.000000	-9.374013	1.834122
17-07-2018	18:45:09	1.000000	2.000000	1.000000	-2.703526	0.282627
17-07-2018	18:46:09	1.000000	2.000000	1.000000	0.614181	0.096026
17-07-2018	18:47:09	1.000000	2.000000	1.000000	-4.131306	1.300513
17-07-2018	18:48:09	1.000000	2.000000	1.000000	-5.440847	3.726885
17-07-2018	18:49:09	1.000000	2.000000	1.000000	9.626434	7.034380
17-07-2018	18:50:09	1.000000	2.000000	1.000000	2.737564	10.758418
17-07-2018	18:51:09	1.000000	2.000000	1.000000	2.595389	14.375945
17-07-2018	18:52:09	1.000000	2.000000	1.000000	8.827201	17.378841
17-07-2018	18:53:09	1.000000	2.000000	1.000000	6.570559	19.345307
17-07-2018	18:54:09	1.000000	2.000000	1.000000	-8.238625	19.999135
17-07-2018	18:55:09	1.000000	2.000000	1.000000	-6.825400	19.248496
17-07-2018	18:56:09	1.000000	2.000000	1.000000	9.168466	17.198822
17-07-2018	18:57:09	1.000000	2.000000	1.000000	3.874535	14.138004
17-07-2018	18:58:09	1.000000	2.000000	1.000000	3.753997	10.495964
17-07-2018	18:59:09	1.000000	2.000000	1.000000	1.869024	6.784284
17-07-2018	19:00:09	1.000000	2.000000	1.000000	5.120396	3.524262
17-07-2018	19:01:09	1.000000	2.000000	1.000000	2.188456	1.173826
17-07-2018	19:02:09	1.000000	2.000000	1.000000	-0.142818	0.063088
17-07-2018	19:03:09	1.000000	2.000000	1.000000	-6.549809	0.348073
17-07-2018	19:04:09	1.000000	2.000000	1.000000	0.476293	1.988749
17-07-2018	19:05:09	1.000000	2.000000	1.000000	9.051160	4.754661
17-07-2018	19:06:09	1.000000	2.000000	1.000000	8.838944	8.257325
17-07-2018	19:07:09	1.000000	2.000000	1.000000	3.355661	12.004749
17-07-2018	19:08:09	1.000000	2.000000	1.000000	-4.010418	15.470609
17-07-2018	19:09:09	1.000000	2.000000	1.000000	-0.683501	18.168066
17-07-2018	19:10:09	1.000000	2.000000	1.000000	-3.697895	19.718265
17-07-2018	19:11:09	1.000000	2.000000	1.000000	-8.998502	19.903451
17-07-2018	19:12:09	1.000000	2.000000	1.000000	1.864326	18.697606
17-07-2018	19:13:09	1.000000	2.000000	1.000000	0.443824	16.270117
17-07-2018	19:14:09	1.000000	2.000000	1.000000	-7.977561	12.961946
17-07-2018	19:15:09	1.000000	2.000000	1.000000	9.267581	9.237714
17-07-2018	19:16:09	1.000000	2.000000	1.000000	5.967591	5.620578
17-07-2018	19:17:09	1.000000	2.000000	1.000000	6.419308	2.618543
17-07-2018	19:18:09	1.000000	2.000000	1.000000	-6.752284	0.653327
17-07-2018	19:19:09	1.000000	2.000000	1.000000	0.223205	0.000916
17-07-2018	19:20:09	1.000000	2.000000	1.000000	-7.422220	0.752972
17-07-2018	19:21:09	1.000000	2.000000	1.000000	3.095414	2.803855
17-07-2018	19:22:09	1.000000	2.000000	1.000000	-5.392107	5.865511
17-07-2018	19:23:09	1.000000	2.000000	1.000000	1.377693	9.507889
17-07-2018	19:24:09	1.000000	2.000000	1.000000	6.873993	13.219401
17-07-2018	19:25:09	1.000000	2.000000	1.000000	8.108788	16.478694
17-07-2018	19:26:09	1.000000	2.000000	1.000000	-7.622776	18.828009
17-07-2018	19:27:09	1.000000	2.000000	1.000000	4.396067	19.937351
17-07-2018	19:28:09	1.000000	2.000000	1.000000	-9.418732	19.650895
17-07-2018	19:29:09	1.000000	2.000000	1.000000	6.867420	18.008887
17-07-2018	19:30:09	1.000000	2.000000	1.000000	-6.204399	15.241976
17-07-2018	19:31:09	1.000000	2.000000	1.000000	6.351501	11.738791
17-07-2018	19:32:09	1.000000	2.000000	1.000000	5.400357	7.991355
17-07-2018	19:33:09	1.000000	2.000000	1.000000	0.762876	4.526062
17-07-2018	19:34:09	1.000000	2.000000	1.000000	5.896523	1.829640
17-07-2018	19:35:09	1.000000	2.000000	1.000000	9.628482	0.280792
17-07-2018	19:36:09	1.000000	2.000000	1.000000	0.113002	0.097099
17-07-2018	19:37:09	1.000000	2.000000	1.000000	-1.380881	1.304347
17-07-2018	19:38:09	1.000000	2.000000	1.000000	-8.418049	3.732984
17-07-2018	19:39:09	1.000000	2.000000	1.000000	-4.164728	7.041864
17-07-2018	19:40:09	1.000000	2.000000	1.000000	4.686857	10.766236
17-07-2018	19:41:09	1.000000	2.000000	1.000000	-3.891694	14.382984
17-07-2018	19:42:09	1.000000	2.000000	1.000000	1.732334	17.384122
17-07-2018	19:43:09	1.000000	2.000000	1.000000	-0.346978	19.348076
17-07-2018	19:44:09	1.000000	2.000000	1.000000	4.161108	19.999030
17-07-2018	19:45:09	1.000000	2.000000	1.000000	-5.450498	19.245545
17-07-2018	19:46:09	1.000000	2.000000	1.000000	-8.802736	17.193458
17-07-2018	19:47:09	1.000000	2.000000	1.000000	-6.389926	14.130980
17-07-2018	19:48:09	1.000000	2.000000	1.000000	8.240489	10.488284
17-07-2018	19:49:09	1.000000	2.000000	1.000000	-1.005552	6.777008
17-07-2018	19:50:09	1.000000	2.000000	1.000000	0.330504	3.518415
17-07-2018	19:51:09	1.000000	2.000000	1.000000	3.172189	1.170207
17-07-2018	19:52:09	1.000000	2.000000	1.000000	-4.107477	0.062227
17-07-2018	19:53:09	1.000000	2.000000	1.000000	7.983284	0.350097
17-07-2018	19:54:09	1.000000	2.000000	1.000000	7.084422	1.993382
17-07-2018	19:55:09	1.000000	2.000000	1.000000	9.514024	4.761259
17-07-2018	19:56:09	1.000000	2.000000	1.000000	-2.835436	8.264961
17-07-2018	19:57:09	1.000000	2.000000	1.000000	7.113822	12.012368
17-07-2018	19:58:09	1.000000	2.000000	1.000000	-7.148645	15.477125
17-07-2018	19:59:09	1.000000	2.000000	1.000000	5.257972	18.172558
17-07-2018	20:00:09	1.000000	2.000000	1.000000	-5.104118	19.720094
17-07-2018	20:01:09	1.000000	2.000000	1.000000	-7.751568	19.902374
17-07-2018	20:02:09	1.000000	2.000000	1.000000	2.404676	18.693788
17-07-2018	20:03:09	1.000000	2.000000	1.000000	-5.115927	16.264072
17-07-2018	20:04:09	1.000000	2.000000	1.000000	7.426587	12.954544
17-07-2018	20:05:09	1.000000	2.000000	1.000000	7.613534	9.229995
17-07-2018	20:06:09	1.000000	2.000000	1.000000	-6.380725	5.613633
17-07-2018	20:07:09	1.000000	2.000000	1.000000	-5.407185	2.613362
17-07-2018	20:08:09	1.000000	2.000000	1.000000	1.195536	0.650590
17-07-2018	20:09:09	1.000000	2.000000	1.000000	-5.578012	0.001023
17-07-2018	20:10:09	1.000000	2.000000	1.000000	2.267006	0.755894
17-07-2018	20:11:09	1.000000	2.000000	1.000000	6.578843	2.809189
17-07-2018	20:12:09	1.000000	2.000000	1.000000	4.964821	5.872499
17-07-2018	20:13:09	1.000000	2.000000	1.000000	-5.019543	9.515553
17-07-2018	20:14:09	1.000000	2.000000	1.000000	-7.466290	13.226643
17-07-2018	20:15:09	1.000000	2.000000	1.000000	9.590193	16.484517
17-07-2018	20:16:09	1.000000	2.000000	1.000000	-8.383231	18.831587
17-07-2018	20:17:09	1.000000	2.000000	1.000000	-2.527795	19.938195
17-07-2018	20:18:09	1.000000	2.000000	1.000000	4.888907	19.648909
17-07-2018	20:19:09	1.000000	2.000000	1.000000	1.904705	18.004349
17-07-2018	20:20:09	1.000000	2.000000	1.000000	5.881997	15.235521
17-07-2018	20:21:09	1.000000	2.000000	1.000000	8.544422	11.731313
17-07-2018	20:22:09	1.000000	2.000000	1.000000	7.332502	7.983919
17-07-2018	20:23:09	1.000000	2.000000	1.000000	3.664434	4.519721
17-07-2018	20:24:09	1.000000	2.000000	1.000000	3.077246	1.825267
17-07-2018	20:25:09	1.000000	2.000000	1.000000	8.547679	0.279015
17-07-2018	20:26:09	1.000000	2.000000	1.000000	-2.405408	0.098156
17-07-2018	20:27:09	1.000000	2.000000	1.000000	-8.847499	1.308083
17-07-2018	20:28:09	1.000000	2.000000	1.000000	5.741777	3.738858
17-07-2018	20:29:09	1.000000	2.000000	1.000000	-9.443411	7.049062
17-07-2018	20:30:09	1.000000	2.000000	1.000000	-3.362494	10.773743
17-07-2018	20:31:09	1.000000	2.000000	1.000000	-3.495393	14.389750
17-07-2018	20:32:09	1.000000	2.000000	1.000000	-1.782664	17.389204
17-07-2018	20:33:09	1.000000	2.000000	1.000000	-1.814102	19.350755
17-07-2018	20:34:09	1.000000	2.000000	1.000000	4.898993	19.998922
17-07-2018	20:35:09	1.000000	2.000000	1.000000	-0.009435	19.242662
17-07-2018	20:36:09	1.000000	2.000000	1.000000	-9.970807	17.188192
17-07-2018	20:37:09	1.000000	2.000000	1.000000	6.324096	14.124062
17-07-2018	20:38:09	1.000000	2.000000	1.000000	4.746065	10.480679
17-07-2018	20:39:09	1.000000	2.000000	1.000000	9.618403	6.769787
17-07-2018	20:40:09	1.000000	2.000000	1.000000	1.769798	3.512595
17-07-2018	20:41:09	1.000000	2.000000	1.000000	-2.614437	1.166622
17-07-2018	20:42:09	1.000000	2.000000	1.000000	4.425459	0.061381
17-07-2018	20:43:09	1.000000	2.000000	1.000000	8.818942	0.352097
17-07-2018	20:44:09	1.000000	2.000000	1.000000	-4.729247	1.997940
17-07-2018	20:45:09	1.000000	2.000000	1.000000	-9.687629	4.767745
17-07-2018	20:46:09	1.000000	2.000000	1.000000	-2.381030	8.272457
17-07-2018	20:47:09	1.000000	2.000000	1.000000	2.528658	12.019810
17-07-2018	20:48:09	1.000000	2.000000	1.000000	-8.674542	15.483496
17-07-2018	20:49:09	1.000000	2.000000	1.000000	-1.298595	18.176962
17-07-2018	20:50:09	1.000000	2.000000	1.000000	7.623482	19.721891
17-07-2018	20:51:09	1.000000	2.000000	1.000000	-0.972190	19.901302
17-07-2018	20:52:09	1.000000	2.000000	1.000000	0.673147	18.689986
17-07-2018	20:53:09	1.000000	2.000000	1.000000	-0.173725	16.258082
17-07-2018	20:54:09	1.000000	2.000000	1.000000	-8.488786	12.947171
17-07-2018	20:55:09	1.000000	2.000000	1.000000	-0.422174	9.222299
17-07-2018	20:56:09	1.000000	2.000000	1.000000	-8.738582	5.606669
17-07-2018	20:57:09	1.000000	2.000000	1.000000	-0.110180	2.608128
17-07-2018	20:58:09	1.000000	2.000000	1.000000	-7.189600	0.647835
17-07-2018	20:59:09	1.000000	2.000000	1.000000	-3.213909	0.001137
17-07-2018	21:00:09	1.000000	2.000000	1.000000	-7.926275	0.758863
17-07-2018	21:01:09	1.000000	2.000000	1.000000	0.813623	2.814595
17-07-2018	21:02:09	1.000000	2.000000	1.000000	3.334192	5.879555
17-07-2018	21:03:09	1.000000	2.000000	1.000000	-5.287969	9.523269
17-07-2018	21:04:09	1.000000	2.000000	1.000000	0.367145	13.233953
17-07-2018	21:05:09	1.000000	2.000000	1.000000	-4.275794	16.490385
17-07-2018	21:06:09	1.000000	2.000000	1.000000	-9.052667	18.835194
17-07-2018	21:07:09	1.000000	2.000000	1.000000	-3.994915	19.939050
17-07-2018	21:08:09	1.000000	2.000000	1.000000	-6.916892	19.646876
17-07-2018	21:09:09	1.000000	2.000000	1.000000	5.856372	17.999722
17-07-2018	21:10:09	1.000000	2.000000	1.000000	-5.219686	15.228937
17-07-2018	21:11:09	1.000000	2.000000	1.000000	3.363545	11.723728
17-07-2018	21:12:09	1.000000	2.000000	1.000000	4.678377	7.976395
17-07-2018	21:13:09	1.000000	2.000000	1.000000	6.462886	4.513290
17-07-2018	21:14:09	1.000000	2.000000	1.000000	-9.816379	1.820845
17-07-2018	21:15:09	1.000000	2.000000	1.000000	-7.089560	0.277215
17-07-2018	21:16:09	1.000000	2.000000	1.000000	0.262883	0.099233
17-07-2018	21:17:09	1.000000	2.000000	1.000000	1.382014	1.311892
17-07-2018	21:18:09	1.000000	2.000000	1.000000	4.896088	3.744863
17-07-2018	21:19:09	1.000000	2.000000	1.000000	-8.457307	7.056419
17-07-2018	21:20:09	1.000000	2.000000	1.000000	7.126153	10.781416
17-07-2018	21:21:09	1.000000	2.000000	1.000000	-4.855497	14.396657
17-07-2018	21:22:09	1.000000	2.000000	1.000000	3.945962	17.394370
17-07-2018	21:23:09	1.000000	2.000000	1.000000	-4.232134	19.353480
17-07-2018	21:24:09	1.000000	2.000000	1.000000	6.353372	19.998806
17-07-2018	21:25:09	1.000000	2.000000	1.000000	7.724593	19.239728
17-07-2018	21:26:09	1.000000	2.000000	1.000000	-5.176814	17.182864
17-07-2018	21:27:09	1.000000	2.000000	1.000000	-1.774397	14.117115
17-07-2018	21:28:09	1.000000	2.000000	1.000000	-0.161432	10.473060
17-07-2018	21:29:09	1.000000	2.000000	1.000000	0.702162	6.762558
17-07-2018	21:30:09	1.000000	2.000000	1.000000	3.541361	3.506800
17-07-2018	21:31:09	1.000000	2.000000	1.000000	5.418462	1.163052
17-07-2018	21:32:09	1.000000	2.000000	1.000000	1.528786	0.060540
17-07-2018	21:33:09	1.000000	2.000000	1.000000	-1.249588	0.354112
17-07-2018	21:34:09	1.000000	2.000000	1.000000	-9.930117	2.002532
17-07-2018	21:35:09	1.000000	2.000000	1.000000	-4.515067	4.774259
17-07-2018	21:36:09	1.000000	2.000000	1.000000	7.668600	8.279979
17-07-2018	21:37:09	1.000000	2.000000	1.000000	1.613601	12.027292
17-07-2018	21:38:09	1.000000	2.000000	1.000000	6.883315	15.489853
17-07-2018	21:39:09	1.000000	2.000000	1.000000	-0.658544	18.181320
17-07-2018	21:40:09	1.000000	2.000000	1.000000	-9.786937	19.723665
17-07-2018	21:41:09	1.000000	2.000000	1.000000	-6.560538	19.900236
17-07-2018	21:42:09	1.000000	2.000000	1.000000	3.134040	18.686228
17-07-2018	21:43:09	1.000000	2.000000	1.000000	8.959601	16.252179
17-07-2018	21:44:09	1.000000	2.000000	1.000000	-7.169650	12.939938
17-07-2018	21:45:09	1.000000	2.000000	1.000000	2.119793	9.214759
17-07-2018	21:46:09	1.000000	2.000000	1.000000	-0.825299	5.599881
17-07-2018	21:47:09	1.000000	2.000000	1.000000	-0.606667	2.603059
17-07-2018	21:48:09	1.000000	2.000000	1.000000	-3.568318	0.645175
17-07-2018	21:49:09	1.000000	2.000000	1.000000	3.379557	0.001254
17-07-2018	21:50:09	1.000000	2.000000	1.000000	7.513315	0.761745
17-07-2018	21:51:09	1.000000	2.000000	1.000000	5.646124	2.819818
17-07-2018	21:52:09	1.000000	2.000000	1.000000	9.808545	5.886422
17-07-2018	21:53:09	1.000000	2.000000	1.000000	-5.731994	9.530799
17-07-2018	21:54:09	1.000000	2.000000	1.000000	-4.405694	13.241073
17-07-2018	21:55:09	1.000000	2.000000	1.000000	-7.459877	16.496122
17-07-2018	21:56:09	1.000000	2.000000	1.000000	-8.875014	18.838733
17-07-2018	21:57:09	1.000000	2.000000	1.000000	9.557658	19.939876
17-07-2018	21:58:09	1.000000	2.000000	1.000000	8.403632	19.644898
17-07-2018	21:59:09	1.000000	2.000000	1.000000	7.579530	17.995220
17-07-2018	22:00:09	1.000000	2.000000	1.000000	-2.148012	15.222536
17-07-2018	22:01:09	1.000000	2.000000	1.000000	0.564456	11.716309
17-07-2018	22:02:09	1.000000	2.000000	1.000000	6.260197	7.969026
17-07-2018	22:03:09	1.000000	2.000000	1.000000	7.737119	4.507011
17-07-2018	22:04:09	1.000000	2.000000	1.000000	-2.031013	1.816517
17-07-2018	22:05:09	1.000000	2.000000	1.000000	-0.225125	0.275456
17-07-2018	22:06:09	1.000000	2.000000	1.000000	-4.815268	0.100295
17-07-2018	22:07:09	1.000000	2.000000	1.000000	-4.161733	1.315615
17-07-2018	22:08:09	1.000000	2.000000	1.000000	-2.434254	3.750723
17-07-2018	22:09:09	1.000000	2.000000	1.000000	-0.843373	7.063612
17-07-2018	22:10:09	1.000000	2.000000	1.000000	-4.351431	10.788940
17-07-2018	22:11:09	1.000000	2.000000	1.000000	-9.341074	14.403458
17-07-2018	22:12:09	1.000000	2.000000	1.000000	-0.811339	17.399470
17-07-2018	22:13:09	1.000000	2.000000	1.000000	4.265306	19.356159
17-07-2018	22:14:09	1.000000	2.000000	1.000000	8.673955	19.998686
17-07-2018	22:15:09	1.000000	2.000000	1.000000	-2.038555	19.236824
17-07-2018	22:16:09	1.000000	2.000000	1.000000	6.921015	17.177581
17-07-2018	22:17:09	1.000000	2.000000	1.000000	-8.027422	14.110183
17-07-2018	22:18:09	1.000000	2.000000	1.000000	5.089055	10.465479
17-07-2018	22:19:09	1.000000	2.000000	1.000000	5.434252	6.755406
17-07-2018	22:20:09	1.000000	2.000000	1.000000	1.070200	3.501046
17-07-2018	22:21:09	1.000000	2.000000	1.000000	8.036705	1.159521
17-07-2018	22:22:09	1.000000	2.000000	1.000000	4.339226	0.059714
17-07-2018	22:23:09	1.000000	2.000000	1.000000	-2.894065	0.356098
17-07-2018	22:24:09	1.000000	2.000000	1.000000	-9.273190	2.007058
17-07-2018	22:25:09	1.000000	2.000000	1.000000	-7.944469	4.780685
17-07-2018	22:26:09	1.000000	2.000000	1.000000	-7.438993	8.287408
17-07-2018	22:27:09	1.000000	2.000000	1.000000	9.305052	12.034683
17-07-2018	22:28:09	1.000000	2.000000	1.000000	1.768239	15.496163
17-07-2018	22:29:09	1.000000	2.000000	1.000000	5.418362	18.185650
17-07-2018	22:30:09	1.000000	2.000000	1.000000	9.060281	19.725416
17-07-2018	22:31:09	1.000000	2.000000	1.000000	-2.274950	19.899170
17-07-2018	22:32:09	1.000000	2.000000	1.000000	3.073008	18.682501
17-07-2018	22:33:09	1.000000	2.000000	1.000000	1.753161	16.246304
17-07-2018	22:34:09	1.000000	2.000000	1.000000	9.273532	12.932739
17-07-2018	22:35:09	1.000000	2.000000	1.000000	8.737364	9.207256
17-07-2018	22:36:09	1.000000	2.000000	1.000000	5.820797	5.593142
17-07-2018	22:37:09	1.000000	2.000000	1.000000	-6.504846	2.597983
17-07-2018	22:38:09	1.000000	2.000000	1.000000	-5.889237	0.642509
17-07-2018	22:39:09	1.000000	2.000000	1.000000	3.885720	0.001376
17-07-2018	22:40:09	1.000000	2.000000	1.000000	2.263012	0.764645
17-07-2018	22:41:09	1.000000	2.000000	1.000000	6.383936	2.825096
17-07-2018	22:42:09	1.000000	2.000000	1.000000	1.518020	5.893296
17-07-2018	22:43:09	1.000000	2.000000	1.000000	4.808947	9.538333
17-07-2018	22:44:09	1.000000	2.000000	1.000000	-7.449028	13.248230
17-07-2018	22:45:09	1.000000	2.000000	1.000000	4.485803	16.501885
17-07-2018	22:46:09	1.000000	2.000000	1.000000	-1.997438	18.842276
17-07-2018	22:47:09	1.000000	2.000000	1.000000	-5.927218	19.940706
17-07-2018	22:48:09	1.000000	2.000000	1.000000	-6.525615	19.642882
17-07-2018	22:49:09	1.000000	2.000000	1.000000	-2.522731	17.990629
17-07-2018	22:50:09	1.000000	2.000000	1.000000	1.953825	15.216039
17-07-2018	22:51:09	1.000000	2.000000	1.000000	-3.295159	11.708792
17-07-2018	22:52:09	1.000000	2.000000	1.000000	7.544440	7.961538
17-07-2018	22:53:09	1.000000	2.000000	1.000000	2.899550	4.500592
17-07-2018	22:54:09	1.000000	2.000000	1.000000	5.014969	1.812111
17-07-2018	22:55:09	1.000000	2.000000	1.000000	5.671948	0.273671
17-07-2018	22:56:09	1.000000	2.000000	1.000000	8.839239	0.101380
17-07-2018	22:57:09	1.000000	2.000000	1.000000	-2.880590	1.319436
17-07-2018	22:58:09	1.000000	2.000000	1.000000	-5.437546	3.756745
17-07-2018	22:59:09	1.000000	2.000000	1.000000	3.515140	7.070979
17-07-2018	23:00:09	1.000000	2.000000	1.000000	6.740474	10.796627
17-07-2018	23:01:09	1.000000	2.000000	1.000000	8.544664	14.410354
17-07-2018	23:02:09	1.000000	2.000000	1.000000	-1.175984	17.404637
17-07-2018	23:03:09	1.000000	2.000000	1.000000	2.341881	19.358860
17-07-2018	23:04:09	1.000000	2.000000	1.000000	6.563237	19.998559
17-07-2018	23:05:09	1.000000	2.000000	1.000000	0.190959	19.233881
17-07-2018	23:06:09	1.000000	2.000000	1.000000	9.629849	17.172230
17-07-2018	23:07:09	1.000000	2.000000	1.000000	-6.515359	14.103189
17-07-2018	23:08:09	1.000000	2.000000	1.000000	6.400112	10.457840
17-07-2018	23:09:09	1.000000	2.000000	1.000000	-0.393792	6.748140
17-07-2018	23:10:09	1.000000	2.000000	1.000000	-9.914272	3.495213
17-07-2018	23:11:09	1.000000	2.000000	1.000000	-5.703112	1.155929
17-07-2018	23:12:09	1.000000	2.000000	1.000000	-3.334675	0.058877
17-07-2018	23:13:09	1.000000	2.000000	1.000000	-5.606699	0.358139
17-07-2018	23:14:09	1.000000	2.000000	1.000000	-4.940352	2.011683
17-07-2018	23:15:09	1.000000	2.000000	1.000000	-7.126714	4.787248
17-07-2018	23:16:09	1.000000	2.000000	1.000000	-3.167067	8.294989
17-07-2018	23:17:09	1.000000	2.000000	1.000000	1.207755	12.042219
17-07-2018	23:18:09	1.000000	2.000000	1.000000	5.295916	15.502598
17-07-2018	23:19:09	1.000000	2.000000	1.000000	-7.751354	18.190100
17-07-2018	23:20:09	1.000000	2.000000	1.000000	1.000642	19.727221
17-07-2018	23:21:09	1.000000	2.000000	1.000000	-4.843867	19.898070
17-07-2018	23:22:09	1.000000	2.000000	1.000000	8.629698	18.678651
17-07-2018	23:23:09	1.000000	2.000000	1.000000	-2.493715	16.240241
17-07-2018	23:24:09	1.000000	2.000000	1.000000	-1.445754	12.925332
17-07-2018	23:25:09	1.000000	2.000000	1.000000	5.555105	9.199527
17-07-2018	23:26:09	1.000000	2.000000	1.000000	-3.743544	5.586175
17-07-2018	23:27:09	1.000000	2.000000	1.000000	-6.263773	2.592766
17-07-2018	23:28:09	1.000000	2.000000	1.000000	7.855098	0.639774
17-07-2018	23:29:09	1.000000	2.000000	1.000000	-4.057276	0.001507
17-07-2018	23:30:09	1.000000	2.000000	1.000000	6.408906	0.767607
17-07-2018	23:31:09	1.000000	2.000000	1.000000	7.136243	2.830469
17-07-2018	23:32:09	1.000000	2.000000	1.000000	1.316241	5.900347
17-07-2018	23:33:09	1.000000	2.000000	1.000000	3.887865	9.546063
17-07-2018	23:34:09	1.000000	2.000000	1.000000	-1.756269	13.255536
17-07-2018	23:35:09	1.000000	2.000000	1.000000	-8.978312	16.507741
17-07-2018	23:36:09	1.000000	2.000000	1.000000	-0.256412	18.845884
17-07-2018	23:37:09	1.000000	2.000000	1.000000	2.542982	19.941543
17-07-2018	23:38:09	1.000000	2.000000	1.000000	-9.541260	19.640831
17-07-2018	23:39:09	1.000000	2.000000	1.000000	8.266146	17.985989
17-07-2018	23:40:09	1.000000	2.000000	1.000000	-9.084505	15.209443
17-07-2018	23:41:09	1.000000	2.000000	1.000000	2.005861	11.701191
17-07-2018	23:42:09	1.000000	2.000000	1.000000	1.687751	7.953978
17-07-2018	23:43:09	1.000000	2.000000	1.000000	-2.756949	4.494142
17-07-2018	23:44:09	1.000000	2.000000	1.000000	-4.790358	1.807662
17-07-2018	23:45:09	1.000000	2.000000	1.000000	3.528371	0.271879
17-07-2018	23:46:09	1.000000	2.000000	1.000000	-2.646552	0.102484
17-07-2018	23:47:09	1.000000	2.000000	1.000000	6.910761	1.323290
17-07-2018	23:48:09	1.000000	2.000000	1.000000	0.166912	3.762807
17-07-2018	23:49:09	1.000000	2.000000	1.000000	-1.139089	7.078396
17-07-2018	23:50:09	1.000000	2.000000	1.000000	3.203849	10.804343
17-07-2018	23:51:09	1.000000	2.000000	1.000000	-8.631733	14.417334
17-07-2018	23:52:09	1.000000	2.000000	1.000000	2.820242	17.409862
17-07-2018	23:53:09	1.000000	2.000000	1.000000	9.759789	19.361599
17-07-2018	23:54:09	1.000000	2.000000	1.000000	4.841949	19.998424
17-07-2018	23:55:09	1.000000	2.000000	1.000000	-8.957995	19.230880
17-07-2018	23:56:09	1.000000	2.000000	1.000000	7.305934	17.166776
17-07-2018	23:57:09	1.000000	2.000000	1.000000	-0.748496	14.096048
17-07-2018	23:58:09	1.000000	2.000000	1.000000	9.141697	10.449971
17-07-2018	23:59:09	1.000000	2.000000	1.000000	0.543512	6.740700